"Date","PWZ.Open","PWZ.High","PWZ.Low","PWZ.Close","PWZ.Volume","PWZ.Adjusted"
2007-10-18,36.917,36.917,36.917,25.17,0,17.160883
2007-10-19,36.99,36.99,36.99,25.219999,100,17.194984
2007-10-22,37.225,37.225,37.225,25.379999,300,17.304073
2007-10-23,37.24,37.24,37.181,25.35,5500,17.283619
2007-10-24,37.269,37.269,37.21,25.370001,3800,17.297253
2007-10-25,37.21,37.21,37.166,25.34,300,17.276798
2007-10-26,37.152,37.152,37.093,25.290001,200,17.242704
2007-10-29,37.093,37.093,37.02,25.24,8200,17.208616
2007-10-30,36.99,36.99,36.902,25.16,8900,17.154078
2007-10-31,36.8,36.8,36.77,25.07,3000,17.092718
2007-11-01,36.814,36.888,36.814,25.139999,1500,17.140444
2007-11-02,36.873,36.873,36.873,25.139999,900,17.140444
2007-11-05,36.389,36.814,36.389,25.040001,1500,17.07225
2007-11-06,36.741,36.741,36.741,25.049999,2500,17.079079
2007-11-07,36.697,36.697,36.448,24.85,500,16.942717
2007-11-08,36.521,36.521,36.433,24.84,200,16.935904
2007-11-09,36.477,36.521,36.477,24.9,4000,16.976809
2007-11-12,36.521,36.521,36.521,24.9,100,16.976809
2007-11-13,36.521,36.521,36.521,24.9,1000,16.976809
2007-11-14,36.741,36.741,36.741,25.049999,100,17.079079
2007-11-15,36.606,36.606,36.387,24.9,1400,17.039383
2007-11-16,36.372,36.372,36.372,24.889999,900,17.032545
2007-11-19,36.431,36.431,36.255,24.809999,600,16.977795
2007-11-20,36.226,36.226,36.212,24.790001,10100,16.964108
2007-11-21,36.65,36.65,36.489,24.969999,1700,17.087282
2007-11-23,36.387,36.387,36.387,24.9,100,17.039383
2007-11-26,36.504,36.504,36.299,24.84,900,16.998322
2007-11-27,36.533,36.533,36.518,24.99,2400,17.100969
2007-11-28,36.665,36.665,36.431,24.93,8900,17.059914
2007-11-29,36.431,36.431,36.431,24.93,0,17.059914
2007-11-30,36.548,36.548,35.598,24.73,15000,16.923059
2007-12-03,36.387,36.445,36.387,24.940001,1600,17.066757
2007-12-04,36.738,36.738,36.679,25.139999,4700,17.203627
2007-12-05,36.752,36.767,36.752,25.16,2800,17.217297
2007-12-06,36.635,36.635,36.606,25.049999,6200,17.142035
2007-12-07,36.401,36.562,36.401,25,1100,17.107821
2007-12-10,36.27,36.27,36.27,24.82,100,16.984638
2007-12-11,36.562,36.65,36.562,25.08,1300,17.162565
2007-12-12,36.518,36.518,36.475,24.969999,6900,17.087282
2007-12-13,36.577,36.577,36.533,25,400,17.107821
2007-12-14,36.106,36.106,36.033,24.799999,200,17.068583
2007-12-17,36.295,36.295,36.28,24.969999,8700,17.185589
2007-12-18,36.28,36.28,36.28,24.969999,200,17.185589
2007-12-19,39.186,39.186,36.179,25.08,6900,17.261297
2007-12-20,37.966,37.966,36.31,25.08,4600,17.261297
2007-12-21,36.368,36.368,36.092,24.84,8100,17.096117
2007-12-24,37.777,37.777,36.411,25.059999,7400,17.247517
2007-12-26,36.411,36.411,36.411,25.059999,4500,17.247517
2007-12-27,36.179,36.31,36.179,24.950001,4500,17.171824
2007-12-28,36.411,36.411,36.382,25.040001,6800,17.233757
2007-12-31,36.455,36.455,36.382,25.09,2800,17.268173
2008-01-02,36.455,36.455,36.455,25.09,0,17.268173
2008-01-03,36.542,36.6,36.513,25.139999,12000,17.302591
2008-01-04,36.469,36.469,36.426,25.08,2500,17.261297
2008-01-07,36.324,36.324,36.324,25,1900,17.206238
2008-01-08,36.76,36.789,36.76,25.32,1400,17.426474
2008-01-09,36.833,36.891,36.76,25.389999,6300,17.474659
2008-01-10,36.891,36.891,36.76,25.299999,5100,17.412716
2008-01-11,36.804,36.804,36.804,25.33,4400,17.433352
2008-01-14,36.876,36.891,36.876,25.389999,1100,17.474659
2008-01-15,36.8,36.8,36.8,25.42,2400,17.558928
2008-01-16,36.569,36.67,36.439,25.309999,47200,17.482941
2008-01-17,36.569,36.771,36.424,25.4,6900,17.545115
2008-01-18,36.482,36.685,36.482,25.34,8900,17.503674
2008-01-22,36.771,36.786,36.192,25.280001,2900,17.462221
2008-01-23,36.887,36.887,36.8,25.42,6400,17.558928
2008-01-24,36.728,36.728,36.54,25.309999,3600,17.482941
2008-01-25,36.467,36.598,36.467,25.190001,900,17.400059
2008-01-28,36.265,36.381,36.265,25.129999,1400,17.358604
2008-01-29,36.554,36.627,36.352,25.110001,6000,17.344799
2008-01-30,36.41,36.41,36.395,25.139999,10600,17.365524
2008-01-31,36.54,36.54,36.366,25.209999,5200,17.413862
2008-02-01,36.265,36.265,36.048,24.99,4300,17.261908
2008-02-04,36.192,36.294,35.628,25.07,3900,17.317169
2008-02-05,36.323,36.323,36.236,25.030001,1700,17.289534
2008-02-06,36.192,36.265,36.192,25.049999,1200,17.303354
2008-02-07,36.236,36.279,36.192,25.049999,12800,17.303354
2008-02-08,36.207,36.294,36.192,25.07,2200,17.317169
2008-02-11,36.294,36.323,36.294,25.09,2500,17.330976
2008-02-12,36.192,36.395,36.178,25.09,11200,17.330976
2008-02-13,36.279,36.279,36.221,25.02,10400,17.282627
2008-02-14,36.12,36.192,35.961,24.84,6400,17.158295
2008-02-15,36.015,36.044,35.842,24.98,5800,17.319138
2008-02-19,35.554,35.986,34.991,24.389999,5300,16.910069
2008-02-20,35.193,35.337,35.193,24.48,700,16.972486
2008-02-21,35.842,36.044,35.698,24.98,1600,17.319138
2008-02-22,36.087,36.087,35.554,24.889999,1900,17.256742
2008-02-25,35.856,35.856,35.409,24.549999,1300,17.021009
2008-02-26,35.193,35.871,34.616,24.5,7700,16.986347
2008-02-27,36.044,36.044,34.616,24.049999,10600,16.67436
2008-02-28,35.582,35.755,34.587,23.98,3900,16.625818
2008-02-29,35.755,35.755,32.453,22.780001,45100,15.793839
2008-03-03,33.174,33.217,32.813,22.75,25000,15.77304
2008-03-04,32.957,33.289,32.885,22.940001,4800,15.904767
2008-03-05,33.88,33.88,33.462,23.360001,14100,16.195951
2008-03-06,33.751,33.779,33.606,23.389999,3000,16.216759
2008-03-07,34.183,34.183,33.751,23.530001,3800,16.313828
2008-03-10,33.953,33.967,33.347,23.18,21700,16.071163
2008-03-11,34.227,34.227,33.433,23.23,19900,16.105825
2008-03-12,33.39,33.39,33.318,23.1,2400,16.015692
2008-03-13,33.39,33.433,32.929,23.08,6300,16.001831
2008-03-14,33.228,33.228,33.128,23.049999,500,16.038019
2008-03-17,33.501,33.746,33.056,23,5800,16.003218
2008-03-18,33.731,33.731,33.041,23.280001,3100,16.198044
2008-03-19,34.967,34.967,33.013,22.969999,7200,15.982347
2008-03-20,33.185,33.386,33.113,23.23,2500,16.16326
2008-03-24,33.415,33.415,32.596,23.139999,1800,16.100632
2008-03-25,33.228,33.228,33.171,23.08,2800,16.058889
2008-03-26,33.487,33.545,33.444,23.34,1600,16.239788
2008-03-27,33.559,33.631,33.271,23.190001,7100,16.135426
2008-03-28,33.43,33.487,33.343,23.27,3600,16.19108
2008-03-31,33.631,33.631,32.783,23,4900,16.003218
2008-04-01,34.134,34.134,32.208,23.290001,2400,16.205002
2008-04-02,33.286,33.487,33.286,23.27,2600,16.19108
2008-04-03,33.214,33.473,33.171,23.290001,12700,16.205002
2008-04-04,34.019,34.062,33.99,23.700001,11000,16.49028
2008-04-07,34.191,34.191,34.062,23.709999,2600,16.497234
2008-04-08,34.551,34.551,34.091,23.719999,2600,16.504192
2008-04-09,34.45,34.45,33.602,23.379999,1700,16.26762
2008-04-10,34.795,34.795,34.407,23.940001,3100,16.657265
2008-04-11,34.996,34.996,34.737,24.17,9300,16.817303
2008-04-14,35.456,35.456,34.838,24.42,14800,16.991245
2008-04-15,34.661,34.804,33.4,24,14800,16.756649
2008-04-16,34.732,34.732,34.36,24.15,35600,16.861378
2008-04-17,35.062,35.062,34.016,23.99,7600,16.74968
2008-04-18,34.933,34.962,34.604,24.27,20900,16.945169
2008-04-21,34.704,34.704,34.647,24.190001,3500,16.889311
2008-04-22,34.546,34.919,34.546,24.35,5100,17.001026
2008-04-23,34.933,34.962,34.618,24.17,4600,16.875355
2008-04-24,35.005,35.005,34.518,24.24,6600,16.924232
2008-04-25,34.374,34.518,34.36,24,10000,16.756649
2008-04-28,34.947,34.947,34.604,24.16,3600,16.868366
2008-04-29,34.747,34.775,34.518,24.24,4200,16.924232
2008-04-30,34.833,34.833,34.632,24.18,700,16.88233
2008-05-01,34.546,34.775,34.532,24.27,21400,16.945169
2008-05-02,34.661,34.661,33.658,24.16,8800,16.868366
2008-05-05,35.019,35.033,33.801,24.200001,6500,16.896294
2008-05-06,35.076,35.076,34.518,24.15,2300,16.861378
2008-05-07,33.673,34.962,33.673,24.09,8200,16.819494
2008-05-08,34.947,34.947,34.589,24.33,800,16.987062
2008-05-09,34.933,34.933,34.933,24.389999,200,17.028952
2008-05-12,34.847,34.847,34.818,24.33,2000,16.987062
2008-05-13,34.947,34.947,34.919,24.389999,1100,17.028952
2008-05-14,34.79,34.818,34.432,24.18,11600,16.88233
2008-05-15,34.882,34.882,34.468,24.15,3600,16.920872
2008-05-16,34.853,34.853,34.753,24.42,3800,17.110044
2008-05-19,34.839,34.839,34.81,24.389999,200,17.089022
2008-05-20,34.867,34.996,34.867,24.52,3600,17.180113
2008-05-21,35.024,35.039,35.024,24.540001,3700,17.194117
2008-05-22,34.939,34.996,34.596,24.48,2500,17.15209
2008-05-23,34.867,34.867,34.867,24.43,1100,17.117054
2008-05-27,34.839,34.839,34.653,24.280001,83400,17.011944
2008-05-28,33.597,34.667,33.597,24.290001,1500,17.018955
2008-05-29,34.553,34.568,34.525,24.190001,800,16.948889
2008-05-30,34.396,34.468,34.325,24.049999,17700,16.8508
2008-06-02,34.625,34.625,34.625,24.26,200,16.997932
2008-06-03,34.696,34.696,34.653,24.280001,14600,17.011944
2008-06-04,34.725,34.725,34.682,24.32,900,17.039982
2008-06-05,34.61,34.725,34.339,24.299999,3400,17.025965
2008-06-06,34.696,34.696,34.268,24.24,9100,16.983931
2008-06-09,34.596,34.596,34.596,24.24,400,16.983931
2008-06-10,34.582,34.596,34.582,24.24,2000,16.983931
2008-06-11,34.525,34.525,34.525,24.190001,1600,16.948889
2008-06-12,34.325,34.425,34.325,24.120001,1200,16.899857
2008-06-13,34.029,34.029,33.602,23.85,2200,16.771858
2008-06-16,33.844,33.844,33.773,23.75,5100,16.701534
2008-06-17,33.844,33.844,33.844,23.799999,200,16.736698
2008-06-18,33.645,33.844,33.631,23.799999,5000,16.736698
2008-06-19,33.745,33.759,33.745,23.74,1300,16.694504
2008-06-20,33.617,33.617,33.275,23.5,11400,16.525728
2008-06-23,33.403,33.403,33.162,23.34,2000,16.413216
2008-06-24,33.247,33.247,33.247,23.379999,1600,16.441345
2008-06-25,33.304,33.304,33.304,23.42,100,16.469473
2008-06-26,33.275,33.346,33.275,23.450001,400,16.490566
2008-06-27,33.403,33.403,33.403,23.49,100,16.518702
2008-06-30,33.432,33.546,33.432,23.559999,4900,16.567923
2008-07-01,33.787,33.787,33.787,23.76,200,16.708578
2008-07-02,33.745,33.986,33.631,23.9,22000,16.807016
2008-07-03,34.072,34.072,34.015,23.92,300,16.821083
2008-07-07,33.858,34.001,33.858,23.91,3800,16.814053
2008-07-08,34.001,34.001,34.001,23.91,0,16.814053
2008-07-09,34.001,34.114,33.915,23.92,7100,16.821083
2008-07-10,34.015,34.015,34.015,23.92,0,16.821083
2008-07-11,34.114,34.47,34.114,24.129999,5000,16.968752
2008-07-14,34.285,34.285,34.143,24.01,1200,16.884378
2008-07-15,33.931,33.945,33.931,23.959999,300,16.911896
2008-07-16,33.988,33.988,33.818,23.870001,2300,16.848379
2008-07-17,33.832,33.832,33.379,23.75,3000,16.763678
2008-07-18,33.506,33.52,33.407,23.58,1800,16.643684
2008-07-21,33.251,33.435,33.251,23.6,3500,16.657803
2008-07-22,33.053,33.407,32.897,23.549999,4300,16.622503
2008-07-23,33.124,33.124,32.982,23.280001,800,16.431932
2008-07-24,32.812,32.812,32.529,22.99,1300,16.22724
2008-07-25,33.067,33.081,32.699,23.08,2300,16.290768
2008-07-28,33.209,33.209,33.095,23.42,2300,16.530746
2008-07-29,33.067,33.081,33.067,23.35,2100,16.481342
2008-07-30,32.968,33.138,32.968,23.290001,2800,16.438999
2008-07-31,33.223,33.223,33.223,23.450001,900,16.551931
2008-08-01,33.223,33.223,33.223,23.450001,1300,16.551931
2008-08-04,33.124,33.124,33.124,23.379999,400,16.502512
2008-08-05,33.223,33.223,32.897,23.4,3400,16.51664
2008-08-06,33.039,33.039,32.996,23.290001,12300,16.438999
2008-08-07,33.067,33.067,33.053,23.33,2000,16.467228
2008-08-08,33.237,33.237,33.152,23.41,5100,16.523701
2008-08-11,33.308,33.308,33.209,23.440001,1400,16.544861
2008-08-12,33.251,33.251,33.209,23.440001,2200,16.544861
2008-08-13,33.365,33.478,33.35,23.540001,13100,16.61545
2008-08-14,33.506,33.634,33.18,23.74,20100,16.756615
2008-08-15,33.409,33.479,33.084,23.5,10600,16.649645
2008-08-18,33.451,33.578,33.451,23.790001,3400,16.855101
2008-08-19,33.564,33.578,33.55,23.780001,3100,16.848013
2008-08-20,33.536,33.621,33.536,23.799999,2600,16.8622
2008-08-21,33.606,33.606,33.494,23.73,5300,16.812599
2008-08-22,33.465,33.465,33.437,23.690001,2100,16.784262
2008-08-25,33.437,33.437,33.437,23.690001,0,16.784262
2008-08-26,33.437,33.437,33.155,23.68,4900,16.777164
2008-08-27,33.409,33.423,33.395,23.68,2700,16.777164
2008-08-28,33.31,33.423,33.296,23.59,12900,16.713396
2008-08-29,33.423,33.423,33.423,23.68,100,16.777164
2008-09-02,33.296,33.395,33.296,23.66,2400,16.762995
2008-09-03,33.409,33.423,33.395,23.68,3900,16.777164
2008-09-04,33.211,33.536,33.211,23.75,61000,16.826759
2008-09-05,33.748,33.776,33.635,23.93,10800,16.954294
2008-09-08,33.776,33.79,33.748,23.91,8900,16.940126
2008-09-09,33.903,33.903,33.903,24.02,33200,17.018051
2008-09-10,33.536,34.072,33.522,24.110001,12000,17.081816
2008-09-11,34.03,34.03,33.86,24.09,1200,17.067657
2008-09-12,34.016,34.016,33.564,23.780001,3400,16.848013
2008-09-15,33.765,33.934,33.765,24.01,5000,17.066235
2008-09-16,32.569,33.498,32.569,23.700001,106400,16.845886
2008-09-17,33.005,33.005,32.907,23.459999,2700,16.675283
2008-09-18,32.85,32.85,32.105,23.049999,6000,16.383858
2008-09-19,32.105,32.358,31.204,22.879999,107100,16.263029
2008-09-22,31.964,32.034,31.092,22.690001,5000,16.127981
2008-09-23,31.795,31.795,31.655,22.6,3200,16.064005
2008-09-24,31.795,31.795,31.795,22.6,0,16.064005
2008-09-25,31.767,31.767,31.148,22.25,18800,15.815228
2008-09-26,30.951,31.204,30.712,22.18,6100,15.765473
2008-09-29,31.022,31.022,30.642,21.959999,1700,15.609099
2008-09-30,30.951,31.106,30.951,22,8700,15.637528
2008-10-01,30.388,30.388,30.037,21.559999,1200,15.324777
2008-10-02,30.726,30.867,30.67,21.9,1800,15.566452
2008-10-03,30.853,30.951,30.459,21.9,10500,15.566452
2008-10-06,31.373,31.373,30.698,22.27,4500,15.829453
2008-10-07,31.233,31.303,30.698,22.059999,5600,15.680171
2008-10-08,30.965,31.233,30.571,21.889999,7900,15.559342
2008-10-09,31.036,31.092,30.726,21.9,15500,15.566452
2008-10-10,29.98,31.739,28.982,22,31100,15.637528
2008-10-13,29.404,29.404,28.461,20.450001,3800,14.535793
2008-10-14,27.096,28.644,26.731,20.16,4000,14.329668
2008-10-15,27.925,27.925,27.925,19.93,200,14.224038
2008-10-16,27.743,27.743,27.126,19.360001,1300,13.817227
2008-10-17,27.042,27.378,26.608,19.540001,13200,13.945693
2008-10-20,27.757,27.757,27.126,19.360001,2800,13.817227
2008-10-21,27.336,27.869,27.336,19.809999,50000,14.138384
2008-10-22,29.158,29.83,29.074,20.98,9800,14.973424
2008-10-23,30.797,30.797,29.816,21.66,14400,15.458739
2008-10-24,30.685,30.685,29.494,21.27,9400,15.180393
2008-10-27,30.153,30.531,30.153,21.780001,1800,15.544386
2008-10-28,30.685,30.685,30.125,21.549999,2900,15.380222
2008-10-29,30.125,30.335,29.732,21.26,9100,15.173256
2008-10-30,30.363,30.363,30.013,21.43,8400,15.294581
2008-10-31,29.718,30.111,29.634,21.190001,4100,15.123313
2008-11-03,30.111,30.111,29.887,21.370001,4400,15.25176
2008-11-04,30.055,30.125,29.858,21.34,6200,15.230353
2008-11-05,29.901,30.335,29.901,21.57,6100,15.394502
2008-11-06,29.844,30.153,29.788,21.32,21400,15.216082
2008-11-07,30.237,30.391,30.097,21.690001,3000,15.480148
2008-11-10,30.391,30.391,29.901,21.34,900,15.230353
2008-11-11,30.601,30.601,30.601,21.84,200,15.587204
2008-11-12,30.727,30.727,30.335,21.65,1400,15.451598
2008-11-13,30.461,30.629,30.405,21.82,11200,15.572927
2008-11-14,30.369,30.369,30.215,21.65,1700,15.512738
2008-11-17,30.104,30.215,30.048,21.65,1500,15.512738
2008-11-18,30.187,30.215,29.866,21.459999,8600,15.376595
2008-11-19,30.201,30.271,29.922,21.690001,1400,15.541404
2008-11-20,30.411,30.411,30.048,21.58,4500,15.46259
2008-11-21,29.866,29.866,29.21,21.030001,8500,15.068496
2008-11-24,29.462,29.49,29.183,21.059999,9500,15.089983
2008-11-25,29.364,29.392,28.666,20.82,5400,14.918025
2008-11-26,29.057,29.057,29.057,20.82,0,14.918025
2008-11-28,29.28,29.28,29.28,20.98,300,15.032675
2008-12-01,29.043,29.057,29.029,20.799999,9400,14.9037
2008-12-02,29.183,29.183,28.987,20.77,3700,14.882194
2008-12-03,28.806,28.931,28.596,20.620001,3900,14.774723
2008-12-04,28.541,28.694,28.08,20.559999,35900,14.73172
2008-12-05,28.275,28.415,28.261,20.25,8100,14.509609
2008-12-08,28.261,28.261,27.452,19.700001,11400,14.115511
2008-12-09,27.55,27.661,27.368,19.82,8100,14.201502
2008-12-10,27.578,27.647,27.215,19.5,4600,13.97222
2008-12-11,27.243,27.452,26.768,19.549999,29800,14.008041
2008-12-12,27.312,27.312,26.684,19.280001,3400,13.814584
2008-12-15,26.94,26.94,26.857,19.34,600,13.926917
2008-12-16,26.579,26.801,26.51,19.139999,7700,13.782891
2008-12-17,26.926,27.454,26.926,19.73,38100,14.20776
2008-12-18,27.746,28.523,27.746,20.540001,28600,14.791051
2008-12-19,28.607,28.648,28.551,20.559999,11700,14.805456
2008-12-22,28.982,29.176,28.579,21.01,12500,15.129496
2008-12-23,29.079,29.079,28.76,20.799999,7200,14.978276
2008-12-24,28.884,29.301,28.857,21.1,2800,15.194308
2008-12-26,29.023,29.412,29.023,21.17,4900,15.244718
2008-12-29,29.371,29.412,28.982,20.93,7500,15.071886
2008-12-30,29.454,29.593,29.371,21.15,8300,15.230313
2008-12-31,29.482,29.773,29.371,21.43,23500,15.431951
2009-01-02,29.815,29.87,29.384,21.459999,12000,15.453547
2009-01-05,29.607,29.926,29.607,21.549999,9100,15.518355
2009-01-06,29.759,29.926,29.759,21.549999,3600,15.518355
2009-01-07,30.134,30.384,29.884,21.83,28200,15.719988
2009-01-08,30.204,30.509,30.19,21.969999,6800,15.820805
2009-01-09,30.551,30.912,30.523,22.26,20600,16.02964
2009-01-12,30.856,31.259,30.856,22.51,20500,16.209665
2009-01-13,31.037,31.176,30.898,22.450001,19700,16.166449
2009-01-14,31.37,31.467,30.912,22.610001,21500,16.281675
2009-01-15,31.162,31.176,30.803,22.530001,3800,16.281675
2009-01-16,31.162,31.301,30.609,22.610001,16100,16.339491
2009-01-20,31.757,31.757,31.121,22.57,6800,16.310583
2009-01-21,30.512,30.512,29.696,21.65,17500,15.645719
2009-01-22,30,30,29.405,21.34,4400,15.421699
2009-01-23,29.585,29.834,29.419,21.559999,7200,15.580679
2009-01-26,29.405,29.959,29.405,21.65,3400,15.645719
2009-01-27,29.792,29.972,29.557,21.6,14600,15.609597
2009-01-28,29.972,30.097,29.875,21.66,3500,15.652955
2009-01-29,29.834,29.945,29.834,21.639999,10700,15.638499
2009-01-30,29.972,30.028,29.889,21.690001,4300,15.674636
2009-02-02,30.028,30.567,29.986,21.74,17800,15.710776
2009-02-03,30.346,30.374,30.332,21.950001,3400,15.862525
2009-02-04,30.567,30.941,30.36,21.940001,12600,15.855294
2009-02-05,30.803,30.955,30.803,22.370001,5200,16.166044
2009-02-06,31.066,31.066,30.595,22.370001,35800,16.166044
2009-02-09,31.121,31.121,30.609,22.469999,6600,16.238306
2009-02-10,31.093,31.107,30.761,22.23,1100,16.064871
2009-02-11,31.162,31.259,31.135,22.559999,9500,16.303362
2009-02-12,31.245,31.315,31.135,22.59,7500,16.325035
2009-02-13,31.14,31.168,30.961,22.610001,8700,16.40922
2009-02-17,30.947,30.975,30.658,22.25,4800,16.147953
2009-02-18,30.865,30.865,30.41,22.08,3500,16.024569
2009-02-19,30.658,30.768,30.424,22.17,9600,16.089893
2009-02-20,30.782,30.782,30.685,22.32,2900,16.198746
2009-02-23,30.672,30.672,30.245,22.110001,5100,16.046343
2009-02-24,30.548,30.754,30.313,22.32,3400,16.198746
2009-02-25,30.644,30.768,30.589,22.200001,3500,16.111662
2009-02-26,30.63,30.837,30.589,22.219999,14100,16.126184
2009-02-27,30.658,30.658,30.313,22.25,1200,16.147953
2009-03-02,30.506,30.741,30.121,22.16,22600,16.082634
2009-03-03,30.479,30.52,30.121,22.15,11600,16.075369
2009-03-04,30.451,30.451,30.437,22.09,300,16.031837
2009-03-05,30.341,30.465,30.313,22.030001,4200,15.988283
2009-03-06,30.355,30.437,30.313,22.040001,4700,15.995546
2009-03-09,30.355,30.479,30.341,22.02,14600,15.981031
2009-03-10,30.327,30.355,30.258,21.959999,5600,15.937487
2009-03-11,30.148,30.203,30.148,21.879999,700,15.879424
2009-03-12,30.189,30.341,30.148,21.9,17100,15.893941
2009-03-13,29.844,29.844,29.721,21.719999,3300,15.829076
2009-03-16,29.735,29.79,29.721,21.68,6500,15.799928
2009-03-17,29.721,29.762,29.501,21.530001,24700,15.690615
2009-03-18,29.364,29.474,28.953,21.4,6600,15.59587
2009-03-19,30.037,30.05,29.46,21.9,12000,15.960261
2009-03-20,29.94,30.064,29.94,21.9,6600,15.960261
2009-03-23,30.009,30.023,29.927,21.860001,3600,15.931111
2009-03-24,29.995,29.995,29.927,21.83,1600,15.909245
2009-03-25,29.927,30.078,29.927,21.82,20500,15.901963
2009-03-26,29.886,29.982,29.831,21.85,12800,15.923822
2009-03-27,29.982,30.05,29.899,21.879999,8000,15.94568
2009-03-30,29.982,30.078,29.913,21.92,6700,15.974836
2009-03-31,30.064,30.133,29.968,21.959999,3800,16.003973
2009-04-01,30.119,30.284,30.119,22,7000,16.033136
2009-04-02,30.325,30.325,30.091,22.040001,8400,16.062288
2009-04-03,30.27,30.27,30.064,21.940001,8600,15.98942
2009-04-06,30.27,30.27,30.187,22,3300,16.033136
2009-04-07,30.201,30.229,30.091,22.030001,4200,16.054993
2009-04-08,30.201,30.242,30.146,22.040001,7300,16.062288
2009-04-09,30.133,30.174,29.762,21.82,18600,15.901963
2009-04-13,30.16,30.325,30.091,22.1,2700,16.106016
2009-04-14,30.311,30.325,30.05,22.040001,10500,16.062288
2009-04-15,30.238,30.334,30.238,22.190001,3300,16.232742
2009-04-16,30.375,30.539,30.375,22.34,7100,16.342464
2009-04-17,30.552,30.867,30.552,22.549999,3600,16.49609
2009-04-20,30.962,31.085,30.962,22.74,4400,16.635078
2009-04-21,31.044,31.359,31.031,22.889999,14000,16.74481
2009-04-22,31.304,31.372,31.304,22.950001,12200,16.7887
2009-04-23,31.441,31.441,31.236,22.889999,3400,16.74481
2009-04-24,31.099,31.195,31.017,22.709999,26100,16.613131
2009-04-27,31.181,31.208,31.181,22.82,1400,16.6936
2009-04-28,31.058,31.222,31.058,22.83,14500,16.700912
2009-04-29,30.716,31.126,30.716,22.75,13100,16.642391
2009-04-30,30.935,30.962,30.867,22.58,2300,16.518024
2009-05-01,30.744,30.826,30.716,22.469999,5400,16.437574
2009-05-04,31.482,31.482,30.716,22.639999,31500,16.561932
2009-05-05,30.962,30.976,30.771,22.66,14800,16.576553
2009-05-06,30.962,31.222,30.73,22.700001,20600,16.605818
2009-05-07,31.249,31.304,31.031,22.790001,11500,16.671659
2009-05-08,31.331,31.331,31.195,22.84,5400,16.708227
2009-05-11,31.304,31.509,31.195,23.049999,13100,16.861847
2009-05-12,31.4,31.495,31.4,23.040001,5100,16.854527
2009-05-13,31.386,31.495,31.372,22.950001,11400,16.7887
2009-05-14,31.386,31.619,31.386,23.030001,7600,16.847218
2009-05-15,31.304,31.359,31.223,22.93,3700,16.839882
2009-05-18,31.318,31.332,31.263,23,4700,16.891287
2009-05-19,31.236,31.413,31.236,23.01,3100,16.898634
2009-05-20,31.44,31.617,31.44,23.219999,10900,17.052856
2009-05-21,31.74,31.74,31.617,23.299999,5300,17.111609
2009-05-22,31.713,31.726,31.617,23.26,4800,17.082232
2009-05-26,31.672,31.672,31.454,23.190001,3300,17.030823
2009-05-27,31.44,31.495,31.127,22.91,13400,16.825182
2009-05-28,31.168,31.25,30.978,22.75,10400,16.707691
2009-05-29,30.923,31.086,30.855,22.83,1200,16.766434
2009-06-01,31.114,31.114,30.841,22.65,6600,16.634247
2009-06-02,30.787,30.787,30.583,22.6,24000,16.59753
2009-06-03,30.664,30.787,30.542,22.459999,34000,16.494711
2009-06-04,30.555,30.61,30.555,22.48,900,16.509398
2009-06-05,30.61,30.637,30.46,22.41,54600,16.457987
2009-06-08,30.61,30.637,30.419,22.440001,10000,16.480019
2009-06-09,30.351,30.623,30.351,22.4,9500,16.450644
2009-06-10,30.474,30.501,30.324,22.33,13600,16.399235
2009-06-11,30.378,30.378,30.052,22.139999,11500,16.259697
2009-06-12,30.12,30.406,30.12,22.24,17200,16.333139
2009-06-15,30.034,30.319,29.858,22.360001,13300,16.490231
2009-06-16,30.17,30.251,30.007,22.23,5900,16.394352
2009-06-17,30.184,30.333,30.184,22.370001,1300,16.497602
2009-06-18,30.292,30.319,30.292,22.360001,200,16.490231
2009-06-19,30.17,30.306,30.17,22.34,4700,16.475483
2009-06-22,30.129,30.265,30.129,22.32,1900,16.460716
2009-06-23,30.265,30.333,30.238,22.34,1200,16.475483
2009-06-24,30.143,30.346,30.143,22.299999,3100,16.445974
2009-06-25,30.238,30.238,30.17,22.280001,1100,16.431221
2009-06-26,30.238,30.251,29.953,22.309999,9300,16.453354
2009-06-29,30.089,30.306,30.089,22.35,1000,16.482853
2009-06-30,30.265,30.292,30.116,22.34,11100,16.475483
2009-07-01,30.306,30.306,30.156,22.34,2000,16.475483
2009-07-02,30.306,30.333,30.034,22.370001,2400,16.497602
2009-07-06,30.333,30.346,30.17,22.25,4400,16.409098
2009-07-07,30.333,30.346,30.306,22.360001,1900,16.490231
2009-07-08,30.224,30.414,30.224,22.4,4400,16.519722
2009-07-09,30.59,30.712,30.55,22.629999,7700,16.689342
2009-07-10,30.509,30.767,30.509,22.690001,2100,16.733593
2009-07-13,30.631,30.631,30.523,22.59,3400,16.659843
2009-07-14,30.55,30.753,30.523,22.68,8100,16.726221
2009-07-15,30.501,30.501,30.434,22.540001,2400,16.693628
2009-07-16,30.366,30.366,30.245,22.4,2000,16.589947
2009-07-17,30.285,30.285,30.204,22.370001,3200,16.567728
2009-07-20,30.245,30.258,30.245,22.4,2400,16.589947
2009-07-21,30.258,30.272,29.975,22.26,20700,16.486263
2009-07-22,30.15,30.191,29.988,22.299999,6500,16.51589
2009-07-23,30.123,30.204,30.056,22.299999,2900,16.51589
2009-07-24,30.177,30.245,30.069,22.33,6100,16.538113
2009-07-27,30.204,30.204,30.123,22.34,11900,16.545511
2009-07-28,29.988,30.177,29.367,22.35,8300,16.552919
2009-07-29,30.002,30.083,30.002,22.25,2300,16.478848
2009-07-30,30.218,30.272,30.042,22.299999,16900,16.51589
2009-07-31,30.231,30.272,30.231,22.42,8800,16.604757
2009-08-03,30.245,30.353,30.245,22.48,13300,16.649197
2009-08-04,30.366,30.407,30.285,22.49,5800,16.656601
2009-08-05,30.326,30.393,30.326,22.459999,1300,16.634377
2009-08-06,30.393,30.447,30.38,22.5,2400,16.664011
2009-08-07,30.447,30.447,30.353,22.540001,4300,16.693628
2009-08-10,30.285,30.501,30.285,22.549999,4300,16.70104
2009-08-11,30.407,30.434,30.407,22.52,2300,16.678816
2009-08-12,30.434,30.447,30.434,22.549999,300,16.70104
2009-08-13,30.555,30.704,30.447,22.639999,27600,16.7677
2009-08-14,30.411,30.599,30.384,22.67,28100,16.854687
2009-08-17,30.519,30.546,30.492,22.709999,17500,16.884424
2009-08-18,30.505,30.841,30.505,22.77,25000,16.929028
2009-08-19,30.64,30.841,30.64,22.879999,9000,17.010818
2009-08-20,30.707,30.828,30.599,22.75,13700,16.914171
2009-08-21,30.747,30.855,30.653,22.860001,6700,16.995951
2009-08-24,30.761,30.788,30.747,22.879999,4600,17.010818
2009-08-25,30.734,30.774,30.64,22.879999,1500,17.010818
2009-08-26,30.774,30.828,30.72,22.879999,9400,17.010818
2009-08-27,30.828,30.882,30.828,22.959999,16500,17.07028
2009-08-28,31.003,31.097,31.003,23.09,4700,17.166948
2009-08-31,31.137,31.258,31.124,23.200001,14600,17.248737
2009-09-01,31.137,31.393,31.137,23.309999,18700,17.330507
2009-09-02,31.366,31.46,31.353,23.389999,4300,17.389988
2009-09-03,31.608,31.689,31.581,23.559999,11600,17.516382
2009-09-04,31.944,31.985,31.756,23.77,7300,17.672504
2009-09-08,32.039,32.092,31.931,23.809999,18300,17.702248
2009-09-09,32.106,32.106,32.039,23.860001,15200,17.739414
2009-09-10,32.052,32.119,31.864,23.83,19300,17.717108
2009-09-11,32.106,32.213,32.106,23.940001,1200,17.798901
2009-09-14,32.321,32.321,32.106,23.98,10400,17.82864
2009-09-15,32.103,32.103,32.009,23.889999,9200,17.830126
2009-09-16,32.076,32.076,32.009,23.889999,9000,17.830126
2009-09-17,31.902,32.13,31.902,23.92,3700,17.852528
2009-09-18,32.277,32.277,32.076,24.08,11600,17.971937
2009-09-21,32.318,32.344,32.143,23.99,2500,17.904768
2009-09-22,32.318,32.452,32.184,24.219999,12200,18.076426
2009-09-23,32.411,32.425,32.358,24.190001,4800,18.054041
2009-09-24,32.465,32.465,32.398,24.18,7900,18.046576
2009-09-25,32.545,32.559,32.465,24.299999,6900,18.136135
2009-09-28,32.559,32.559,32.559,24.299999,500,18.136135
2009-09-29,32.559,32.666,32.465,24.35,23100,18.173462
2009-09-30,32.599,32.599,32.572,24.309999,500,18.143595
2009-10-01,32.8,32.8,32.733,24.48,4700,18.27047
2009-10-02,32.746,32.827,32.746,24.5,3100,18.285402
2009-10-05,32.88,32.88,32.84,24.540001,2200,18.315258
2009-10-06,32.76,32.813,32.559,24.299999,17900,18.136135
2009-10-07,32.787,32.827,32.572,24.309999,7600,18.143595
2009-10-08,32.572,32.599,32.559,24.299999,3200,18.136135
2009-10-09,32.559,32.559,32.344,24.139999,3600,18.016708
2009-10-12,32.224,32.452,32.17,24.190001,14400,18.054041
2009-10-13,32.371,32.371,32.371,24.16,200,18.031651
2009-10-14,32.117,32.157,31.661,23.85,28100,17.800282
2009-10-15,31.686,31.806,31.686,23.83,25700,17.854218
2009-10-16,31.579,31.846,31.579,23.799999,15700,17.831749
2009-10-19,31.606,31.766,31.579,23.75,6500,17.794283
2009-10-20,31.699,31.806,31.552,23.83,23600,17.854218
2009-10-21,31.619,31.793,31.619,23.690001,8700,17.749336
2009-10-22,31.726,31.779,31.699,23.790001,21700,17.824244
2009-10-23,31.752,31.752,31.672,23.73,9200,17.779305
2009-10-26,31.699,31.699,31.592,23.68,17500,17.741844
2009-10-27,31.592,31.606,31.552,23.67,13400,17.734348
2009-10-28,31.632,31.926,31.499,23.6,3600,17.681902
2009-10-29,31.499,31.539,31.285,23.549999,7100,17.64444
2009-10-30,31.472,31.472,31.392,23.549999,6100,17.64444
2009-11-02,31.472,31.472,31.259,23.49,8600,17.599483
2009-11-03,31.339,31.339,31.312,23.48,3600,17.591991
2009-11-04,31.325,31.365,31.299,23.450001,7000,17.569508
2009-11-05,31.432,31.432,31.419,23.549999,3000,17.64444
2009-11-06,31.365,31.379,31.299,23.51,2300,17.614475
2009-11-09,31.405,31.419,31.205,23.389999,16600,17.524559
2009-11-10,31.432,31.472,31.365,23.52,8000,17.621964
2009-11-11,31.352,31.352,31.179,23.389999,7800,17.524559
2009-11-12,31.285,31.365,31.285,23.440001,2200,17.562016
2009-11-13,31.007,31.02,30.847,23.25,3800,17.486067
2009-11-16,30.901,30.914,30.754,23.190001,13800,17.440937
2009-11-17,30.94,30.94,30.914,23.26,1700,17.493586
2009-11-18,30.821,30.874,30.688,23.16,7900,17.418371
2009-11-19,30.94,30.967,30.861,23.27,6800,17.501106
2009-11-20,30.914,30.967,30.914,23.290001,800,17.51615
2009-11-23,30.874,31.047,30.861,23.27,4300,17.501106
2009-11-24,30.861,30.94,30.861,23.27,2100,17.501106
2009-11-25,31.06,31.113,31.06,23.4,800,17.598871
2009-11-27,30.914,30.914,30.914,23.25,100,17.486067
2009-11-30,31.06,31.18,30.914,23.290001,5100,17.51615
2009-12-01,30.94,31.14,30.94,23.42,1100,17.613924
2009-12-02,31.113,31.14,31.113,23.42,700,17.613924
2009-12-03,31.18,31.353,31.18,23.559999,2000,17.719204
2009-12-04,31.379,31.393,31.299,23.610001,1400,17.756826
2009-12-07,31.353,31.366,31.233,23.5,5600,17.674086
2009-12-08,31.273,31.432,31.273,23.639999,3100,17.779371
2009-12-09,31.472,31.512,31.459,23.700001,3000,17.824509
2009-12-10,31.565,31.579,31.339,23.629999,65800,17.771858
2009-12-11,31.366,31.459,31.326,23.66,3500,17.794416
2009-12-14,31.432,31.432,31.313,23.59,4600,17.741774
2009-12-15,31.168,31.181,31.089,23.48,2100,17.733463
2009-12-16,31.089,31.181,31.036,23.440001,6300,17.703255
2009-12-17,31.234,31.234,31.168,23.59,1300,17.816538
2009-12-18,31.128,31.168,31.089,23.5,2300,17.748577
2009-12-21,31.115,31.128,31.062,23.459999,2900,17.718359
2009-12-22,31.181,31.195,31.062,23.459999,3500,17.718359
2009-12-23,31.221,31.221,31.089,23.57,10300,17.801439
2009-12-24,31.089,31.089,31.075,23.469999,2000,17.72592
2009-12-28,31.208,31.221,31.036,23.440001,6100,17.703255
2009-12-29,31.208,31.221,31.208,23.58,2400,17.808998
2009-12-30,31.115,31.168,31.115,23.540001,300,17.778788
2009-12-31,31.142,31.142,31.022,23.450001,3000,17.71081
2010-01-04,31.062,31.142,31.062,23.52,1300,17.763672
2010-01-05,31.168,31.234,31.168,23.59,2100,17.816538
2010-01-06,31.327,31.327,31.195,23.57,5000,17.801439
2010-01-07,31.208,31.208,31.208,23.57,0,17.801439
2010-01-08,31.287,31.287,31.287,23.629999,3300,17.846754
2010-01-11,31.287,31.301,31.208,23.6,2200,17.824099
2010-01-12,31.301,31.301,31.274,23.620001,3700,17.839203
2010-01-13,31.301,31.314,31.301,23.65,900,17.86186
2010-01-14,31.38,31.38,31.354,23.68,24800,17.884516
2010-01-15,31.124,31.216,31.11,23.59,6600,17.887552
2010-01-19,31.084,31.124,31.071,23.559999,7300,17.864801
2010-01-20,31.189,31.189,31.176,23.639999,11200,17.925465
2010-01-21,31.203,31.203,31.15,23.620001,300,17.910299
2010-01-22,31.216,31.242,31.15,23.66,4700,17.940628
2010-01-25,31.242,31.242,31.124,23.65,8100,17.933048
2010-01-26,31.071,31.071,31.058,23.549999,1100,17.857218
2010-01-27,31.11,31.11,30.952,23.469999,900,17.796558
2010-01-28,31.005,31.018,30.939,23.49,4000,17.811728
2010-01-29,30.978,30.992,30.978,23.49,800,17.811728
2010-02-01,30.926,31.005,30.899,23.5,2700,17.819309
2010-02-02,30.992,31.005,30.992,23.51,600,17.826889
2010-02-03,30.952,31.005,30.952,23.49,2200,17.811728
2010-02-04,31.071,31.071,31.071,23.559999,2200,17.864801
2010-02-05,31.137,31.189,31.124,23.65,1400,17.933048
2010-02-08,31.124,31.189,31.084,23.65,6600,17.933048
2010-02-09,31.203,31.203,31.11,23.629999,12900,17.91787
2010-02-10,31.15,31.15,31.058,23.559999,5700,17.864801
2010-02-11,31.071,31.084,31.018,23.52,5500,17.834467
2010-02-12,30.909,30.909,30.817,23.530001,12200,17.912874
2010-02-16,30.843,30.922,30.843,23.49,14400,17.882423
2010-02-17,30.843,30.935,30.803,23.549999,10400,17.928106
2010-02-18,30.869,30.935,30.869,23.530001,25800,17.912874
2010-02-19,30.895,30.895,30.803,23.450001,17700,17.851984
2010-02-22,30.843,30.895,30.83,23.49,8000,17.882423
2010-02-23,30.856,30.922,30.83,23.49,17500,17.882423
2010-02-24,30.843,30.935,30.843,23.549999,6400,17.928106
2010-02-25,30.922,30.961,30.869,23.51,3600,17.897659
2010-02-26,30.974,30.987,30.922,23.59,11400,17.958557
2010-03-01,31.027,31.04,30.961,23.620001,16000,17.981405
2010-03-02,31.027,31.053,30.935,23.629999,18600,17.989004
2010-03-03,30.948,30.961,30.948,23.57,500,17.943338
2010-03-04,30.987,31.106,30.987,23.67,2200,18.019457
2010-03-05,31.027,31.092,31.027,23.620001,5600,17.981405
2010-03-08,31.053,31.106,31,23.6,2200,17.966167
2010-03-09,31.027,31.106,31.027,23.67,13500,18.019457
2010-03-10,31.092,31.106,31.027,23.67,8500,18.019457
2010-03-11,31.119,31.119,31.106,23.68,7300,18.027073
2010-03-12,31.092,31.198,31.092,23.700001,28000,18.042301
2010-03-15,30.879,30.892,30.8,23.610001,14100,18.044596
2010-03-16,30.879,30.931,30.866,23.59,26100,18.029303
2010-03-17,30.931,30.931,30.905,23.629999,15800,18.059875
2010-03-18,31.023,31.023,30.931,23.639999,14000,18.067516
2010-03-19,30.931,30.931,30.931,23.639999,1800,18.067516
2010-03-22,30.97,30.97,30.879,23.6,9400,18.036961
2010-03-23,30.905,30.97,30.905,23.67,2000,18.09046
2010-03-24,30.931,30.957,30.918,23.66,9100,18.082813
2010-03-25,30.918,30.918,30.879,23.610001,1300,18.044596
2010-03-26,30.813,30.892,30.813,23.610001,6000,18.044596
2010-03-29,30.892,30.905,30.892,23.610001,2500,18.044596
2010-03-30,30.892,30.918,30.84,23.620001,11800,18.052244
2010-03-31,30.918,30.931,30.892,23.639999,600,18.067516
2010-04-01,30.918,30.931,30.853,23.6,22000,18.036961
2010-04-05,30.944,30.944,30.866,23.610001,23200,18.044596
2010-04-06,30.866,30.905,30.866,23.620001,7600,18.052244
2010-04-07,30.918,30.918,30.853,23.58,3200,18.02165
2010-04-08,30.892,30.918,30.84,23.620001,3900,18.052244
2010-04-09,30.827,30.892,30.827,23.58,1900,18.02165
2010-04-12,30.892,30.931,30.853,23.639999,15900,18.067516
2010-04-13,30.918,30.97,30.918,23.67,3100,18.09046
2010-04-14,30.984,30.984,30.931,23.639999,4000,18.067516
2010-04-15,30.76,30.786,30.76,23.6,8100,18.106649
2010-04-16,30.682,30.747,30.682,23.59,6600,18.098974
2010-04-19,30.76,30.786,30.734,23.58,9600,18.091301
2010-04-20,30.786,30.799,30.734,23.620001,12900,18.12199
2010-04-21,30.89,30.89,30.864,23.68,3600,18.16803
2010-04-22,30.916,30.982,30.89,23.75,9900,18.221729
2010-04-23,30.969,30.969,30.903,23.709999,5900,18.191048
2010-04-26,31.021,31.021,30.929,23.799999,1300,18.260099
2010-04-27,30.929,31.034,30.929,23.809999,3000,18.267765
2010-04-28,30.995,31.021,30.995,23.799999,1800,18.260099
2010-04-29,31.047,31.073,31.047,23.83,1200,18.283108
2010-04-30,31.034,31.125,31.021,23.879999,10300,18.32148
2010-05-03,31.047,31.151,31.047,23.9,5800,18.336824
2010-05-04,31.151,31.177,31.125,23.92,7400,18.352158
2010-05-05,31.177,31.177,31.164,23.91,1100,18.344484
2010-05-06,31.125,31.203,31.099,23.940001,13500,18.367512
2010-05-07,31.099,31.19,31.021,23.93,24400,18.359833
2010-05-10,31.19,31.19,31.06,23.83,3100,18.283108
2010-05-11,31.151,31.151,31.138,23.9,1800,18.336824
2010-05-12,31.164,31.164,31.047,23.879999,18800,18.32148
2010-05-13,31.151,31.151,31.099,23.860001,2600,18.306129
2010-05-14,30.946,30.946,30.921,23.809999,3500,18.33462
2010-05-17,30.959,30.959,30.908,23.82,3100,18.342318
2010-05-18,30.959,30.959,30.908,23.799999,2000,18.326927
2010-05-19,30.946,31.011,30.921,23.809999,1800,18.33462
2010-05-20,30.972,31.102,30.972,23.9,6200,18.403933
2010-05-21,30.998,31.128,30.998,23.91,25400,18.411625
2010-05-24,31.011,31.128,31.011,23.950001,12000,18.442429
2010-05-25,31.089,31.193,31.089,24,12900,18.480923
2010-05-26,31.154,31.154,31.102,23.950001,7500,18.442429
2010-05-27,31.141,31.141,30.972,23.91,28700,18.411625
2010-05-28,31.076,31.076,30.985,23.9,7100,18.403933
2010-06-01,31.076,31.076,31.037,23.9,5400,18.403933
2010-06-02,31.076,31.076,30.959,23.92,5000,18.419321
2010-06-03,30.985,30.985,30.985,23.860001,1800,18.373133
2010-06-04,31.011,31.024,30.921,23.889999,10100,18.396227
2010-06-07,31.05,31.063,30.908,23.809999,13600,18.33462
2010-06-08,30.947,31.024,30.934,23.82,5900,18.342318
2010-06-09,31.011,31.011,31.011,23.879999,900,18.388517
2010-06-10,30.96,30.96,30.947,23.83,2200,18.350012
2010-06-11,30.908,30.972,30.908,23.799999,11600,18.326927
2010-06-14,30.959,30.959,30.882,23.780001,4000,18.311518
2010-06-15,30.648,30.648,30.571,23.67,3200,18.296062
2010-06-16,30.622,30.622,30.622,23.67,0,18.296062
2010-06-17,30.635,30.635,30.635,23.68,100,18.303789
2010-06-18,30.635,30.635,30.545,23.67,2700,18.296062
2010-06-21,30.648,30.648,30.648,23.690001,1000,18.311518
2010-06-22,30.622,30.635,30.609,23.68,1300,18.303789
2010-06-23,30.571,30.739,30.571,23.73,14300,18.34244
2010-06-24,30.687,30.726,30.622,23.75,8700,18.357901
2010-06-25,30.726,30.726,30.726,23.75,2500,18.357901
2010-06-28,30.726,30.752,30.726,23.76,3000,18.365616
2010-06-29,30.739,30.765,30.648,23.780001,14800,18.381081
2010-06-30,30.661,30.803,30.661,23.799999,13500,18.396555
2010-07-01,30.804,30.842,30.752,23.82,23800,18.411999
2010-07-02,30.791,30.816,30.739,23.82,700,18.411999
2010-07-06,30.855,30.855,30.842,23.84,700,18.427464
2010-07-07,30.868,30.868,30.868,23.860001,1600,18.442924
2010-07-08,30.868,30.868,30.855,23.85,1200,18.435194
2010-07-09,30.881,30.881,30.881,23.870001,2200,18.450647
2010-07-12,30.907,30.972,30.816,23.9,20700,18.473837
2010-07-13,30.894,30.907,30.894,23.879999,600,18.458382
2010-07-14,30.894,30.907,30.881,23.879999,4300,18.458382
2010-07-15,30.716,30.729,30.677,23.84,8000,18.495615
2010-07-16,30.754,30.754,30.742,23.860001,700,18.511131
2010-07-19,30.819,30.819,30.626,23.879999,39800,18.526653
2010-07-20,30.677,30.767,30.638,23.809999,29900,18.47234
2010-07-21,30.703,30.806,30.703,23.879999,11500,18.526653
2010-07-22,30.78,30.78,30.78,23.879999,3300,18.526653
2010-07-23,30.793,30.793,30.716,23.889999,6400,18.534412
2010-07-26,30.729,30.819,30.716,23.9,20700,18.542162
2010-07-27,30.819,30.819,30.767,23.9,3700,18.542162
2010-07-28,30.819,30.819,30.793,23.9,8200,18.542162
2010-07-29,30.819,30.845,30.754,23.889999,16100,18.534412
2010-07-30,30.896,30.896,30.806,23.959999,7500,18.588718
2010-08-02,30.819,30.896,30.819,23.969999,6800,18.596479
2010-08-03,30.909,30.922,30.896,23.98,10000,18.604242
2010-08-04,30.909,30.961,30.832,23.98,19200,18.604242
2010-08-05,30.935,30.974,30.922,24.030001,10300,18.643028
2010-08-06,31.038,31.051,31.012,24.059999,2600,18.666304
2010-08-09,31.077,31.077,30.999,24.09,6500,18.689575
2010-08-10,31.064,31.077,31.038,24.08,3900,18.681824
2010-08-11,31.128,31.167,31.077,24.16,5000,18.743889
2010-08-12,31.206,31.206,31.206,24.209999,1300,18.782682
2010-08-13,31.016,31.055,31.016,24.15,8400,18.803699
2010-08-16,31.055,31.055,30.978,24.15,6400,18.803699
2010-08-17,31.093,31.132,31.016,24.24,3400,18.873779
2010-08-18,31.132,31.183,31.093,24.23,10000,18.86599
2010-08-19,31.196,31.273,31.17,24.35,3500,18.959431
2010-08-20,31.325,31.35,31.235,24.41,11000,19.00614
2010-08-23,31.248,31.363,31.248,24.42,4800,19.013937
2010-08-24,31.363,31.453,31.35,24.42,12200,19.013937
2010-08-25,31.453,31.53,31.453,24.52,8500,19.091797
2010-08-26,31.517,31.517,31.517,24.540001,300,19.107359
2010-08-27,31.53,31.53,31.453,24.530001,10500,19.099573
2010-08-30,31.402,31.543,31.402,24.559999,1000,19.122932
2010-08-31,31.492,31.556,31.492,24.57,2800,19.130724
2010-09-01,31.504,31.556,31.504,24.57,4600,19.130724
2010-09-02,31.517,31.53,31.44,24.549999,4500,19.115152
2010-09-03,31.414,31.427,31.389,24.440001,5000,19.02951
2010-09-07,31.389,31.479,31.389,24.5,2300,19.076227
2010-09-08,31.35,31.453,31.35,24.49,4200,19.068422
2010-09-09,31.453,31.466,31.389,24.5,3600,19.076227
2010-09-10,31.44,31.44,31.427,24.48,900,19.06065
2010-09-13,31.427,31.492,31.414,24.52,7000,19.091797
2010-09-14,31.466,31.479,31.414,24.5,6600,19.076227
2010-09-15,31.242,31.242,31.229,24.4,1100,19.064499
2010-09-16,31.229,31.229,31.229,24.4,0,19.064499
2010-09-17,31.203,31.203,31.152,24.370001,1700,19.041065
2010-09-20,31.254,31.254,31.152,24.35,23300,19.025433
2010-09-21,31.203,31.254,31.165,24.4,2400,19.064499
2010-09-22,31.293,31.344,31.28,24.440001,4400,19.095749
2010-09-23,31.318,31.318,31.318,24.469999,900,19.119192
2010-09-24,31.357,31.37,31.306,24.469999,7500,19.119192
2010-09-27,31.344,31.434,31.344,24.559999,5300,19.189512
2010-09-28,31.37,31.446,31.37,24.559999,1300,19.189512
2010-09-29,31.434,31.472,31.434,24.57,2700,19.197319
2010-09-30,31.446,31.446,31.395,24.530001,3900,19.166063
2010-10-01,31.421,31.421,31.344,24.549999,1800,19.1817
2010-10-04,31.408,31.408,31.357,24.51,1200,19.150446
2010-10-05,31.318,31.37,31.318,24.469999,2100,19.119192
2010-10-06,31.28,31.421,31.28,24.469999,14200,19.119192
2010-10-07,31.408,31.421,31.306,24.530001,18600,19.166063
2010-10-08,31.434,31.459,31.37,24.51,6600,19.150446
2010-10-11,31.37,31.421,31.37,24.51,18000,19.150446
2010-10-12,31.37,31.446,31.37,24.57,7300,19.197319
2010-10-13,31.472,31.472,31.357,24.5,2400,19.142639
2010-10-14,31.434,31.434,31.395,24.530001,11300,19.166063
2010-10-15,31.196,31.196,31.106,24.4,22900,19.123749
2010-10-18,31.132,31.17,31.094,24.379999,4600,19.10807
2010-10-19,31.157,31.157,31.094,24.379999,8600,19.10807
2010-10-20,31.17,31.17,31.106,24.43,4500,19.147255
2010-10-21,31.183,31.196,31.17,24.450001,1700,19.162941
2010-10-22,31.157,31.183,31.157,24.440001,9600,19.155113
2010-10-25,31.119,31.183,31.094,24.389999,12600,19.115911
2010-10-26,31.17,31.17,31.068,24.35,3500,19.084562
2010-10-27,31.03,31.03,30.915,24.23,16000,18.990509
2010-10-28,30.915,30.915,30.915,24.23,0,18.990509
2010-10-29,30.902,30.979,30.902,24.219999,12700,18.982672
2010-11-01,30.992,30.992,30.902,24.24,8400,18.99835
2010-11-02,30.941,30.941,30.941,24.25,400,19.006186
2010-11-03,30.941,30.941,30.813,24.15,9800,18.927813
2010-11-04,30.89,30.902,30.877,24.219999,1200,18.982672
2010-11-05,30.89,30.89,30.749,24.1,10900,18.888618
2010-11-08,30.864,30.864,30.762,24.110001,3900,18.896461
2010-11-09,30.762,30.762,30.366,23.879999,26900,18.7162
2010-11-10,30.43,30.43,30.366,23.799999,23500,18.653492
2010-11-11,30.328,30.392,30.239,23.719999,17900,18.590784
2010-11-12,30.328,30.328,29.703,23.639999,18900,18.528093
2010-11-15,29.875,29.887,29.569,23.280001,18900,18.304779
2010-11-16,29.468,29.569,28.946,23.01,26400,18.092478
2010-11-17,29.315,29.315,28.883,22.809999,15800,17.935236
2010-11-18,29.01,29.01,28.743,22.68,7800,17.833014
2010-11-19,29.429,29.429,29.188,23.110001,3500,18.171112
2010-11-22,29.633,29.633,29.379,23.17,10700,18.218292
2010-11-23,29.595,29.684,29.48,23.209999,4700,18.249743
2010-11-24,29.747,29.747,29.582,23.33,5400,18.344099
2010-11-26,29.671,29.671,29.671,23.33,0,18.344099
2010-11-29,29.607,29.697,29.607,23.35,4600,18.359821
2010-11-30,29.697,29.697,29.697,23.35,900,18.359821
2010-12-01,29.747,29.747,29.646,23.379999,6400,18.383417
2010-12-02,29.709,29.709,29.658,23.32,5800,18.336243
2010-12-03,29.62,29.658,29.518,23.299999,29100,18.320501
2010-12-06,29.557,29.658,29.557,23.25,3100,18.281206
2010-12-07,29.557,29.557,29.175,22.98,21400,18.068899
2010-12-08,29.048,29.2,28.87,22.75,36900,17.88805
2010-12-09,29.048,29.061,28.972,22.84,8600,17.958818
2010-12-10,29.048,29.061,28.997,22.799999,2400,17.927366
2010-12-13,28.933,28.933,28.615,22.66,43000,17.817278
2010-12-14,28.615,28.628,28.081,22.209999,12200,17.463451
2010-12-15,27.856,28.021,27.844,22.02,43600,17.398663
2010-12-16,27.869,28.059,27.869,22.110001,11800,17.469769
2010-12-17,28.198,28.464,28.16,22.49,7200,17.770018
2010-12-20,28.514,28.514,28.35,22.4,5400,17.698917
2010-12-21,28.413,28.438,28.375,22.450001,14100,17.738419
2010-12-22,28.388,28.502,28.388,22.52,6300,17.793732
2010-12-23,28.476,28.476,28.375,22.43,1000,17.722624
2010-12-27,28.451,28.654,28.388,22.639999,120600,17.888544
2010-12-28,28.552,28.552,28.337,22.41,58800,17.706818
2010-12-29,28.413,28.578,28.286,22.58,221600,17.841145
2010-12-30,28.4,28.552,28.4,22.48,6200,17.762121
2010-12-31,28.476,28.831,28.438,22.57,87800,17.833239
2011-01-03,28.565,28.565,28.476,22.559999,4600,17.825338
2011-01-04,28.565,28.565,28.489,22.559999,4400,17.825338
2011-01-05,28.628,28.628,28.527,22.540001,5600,17.809538
2011-01-06,28.438,28.451,28.337,22.48,2900,17.762121
2011-01-07,28.286,28.362,28.274,22.34,6400,17.651508
2011-01-10,28.413,28.413,28.236,22.32,7800,17.635715
2011-01-11,28.236,28.236,28.046,22.219999,25800,17.556692
2011-01-12,28.135,28.135,27.717,21.98,44400,17.367073
2011-01-13,27.717,27.717,27.388,21.66,23200,17.114216
2011-01-14,27.135,27.135,26.833,21.43,19200,17.003141
2011-01-18,26.959,27.047,26.783,21.4,13700,16.979334
2011-01-19,27.236,27.299,27.148,21.59,15700,17.130085
2011-01-20,27.312,27.35,27.287,21.65,8300,17.177691
2011-01-21,27.325,27.325,27.224,21.67,11300,17.193563
2011-01-24,27.463,27.539,27.337,21.85,8700,17.336386
2011-01-25,27.589,27.627,27.476,21.870001,9200,17.352249
2011-01-26,27.728,27.753,27.627,21.92,10700,17.391918
2011-01-27,27.703,27.715,27.614,21.940001,29000,17.407787
2011-01-28,27.602,27.715,27.602,21.969999,26300,17.431583
2011-01-31,27.665,27.791,27.602,21.969999,9700,17.431583
2011-02-01,27.677,27.703,27.652,21.940001,4700,17.407787
2011-02-02,27.602,27.753,27.4,21.74,186900,17.249092
2011-02-03,27.476,27.627,27.476,21.82,3700,17.312586
2011-02-04,27.4,27.463,27.274,21.68,27000,17.201496
2011-02-07,27.312,27.35,27.299,21.700001,3700,17.217358
2011-02-08,27.35,27.425,27.198,21.6,30400,17.138023
2011-02-09,27.362,27.362,27.236,21.700001,15500,17.217358
2011-02-10,28.547,28.547,26.593,21.530001,93700,17.082491
2011-02-11,27.236,27.476,27.236,21.780001,6000,17.280834
2011-02-14,27.514,27.514,27.413,21.75,17200,17.25704
2011-02-15,27.196,27.36,27.171,21.780001,35900,17.354246
2011-02-16,27.36,27.573,27.36,21.959999,43400,17.497663
2011-02-17,27.623,27.711,27.611,22.08,3200,17.59329
2011-02-18,27.761,27.774,27.686,22.129999,11600,17.633127
2011-02-22,27.723,27.924,27.723,22.18,13600,17.672968
2011-02-23,27.937,28.012,27.849,22.24,22700,17.720768
2011-02-24,27.974,28.062,27.912,22.33,7900,17.792488
2011-02-25,28.025,28.05,27.974,22.32,7600,17.784512
2011-02-28,28.113,28.125,28.037,22.360001,7200,17.816378
2011-03-01,28.138,28.138,28.037,22.34,500,17.800455
2011-03-02,28.012,28.1,28.012,22.34,9600,17.800455
2011-03-03,28.062,28.062,27.975,22.290001,1000,17.760607
2011-03-04,27.862,27.949,27.862,22.25,5500,17.728739
2011-03-07,27.937,27.937,27.811,22.190001,6600,17.680933
2011-03-08,27.862,27.862,27.811,22.16,6000,17.657026
2011-03-09,27.849,27.849,27.849,22.190001,200,17.680933
2011-03-10,27.874,27.874,27.736,22.129999,30400,17.633127
2011-03-11,27.761,27.899,27.749,22.23,10500,17.712803
2011-03-14,27.824,27.887,27.811,22.190001,3200,17.680933
2011-03-15,27.495,27.82,27.495,22.120001,7300,17.699341
2011-03-16,27.87,27.995,27.77,22.4,13800,17.92338
2011-03-17,27.995,28.032,27.857,22.43,1100,17.947386
2011-03-18,27.895,28.045,27.87,22.299999,9500,17.843363
2011-03-21,27.907,28.12,27.832,22.4,7500,17.92338
2011-03-22,27.907,27.92,27.77,22.25,4800,17.803354
2011-03-23,27.957,27.957,27.882,22.309999,4800,17.851368
2011-03-24,27.92,28.12,27.857,22.290001,3600,17.835363
2011-03-25,27.732,27.895,27.707,22.219999,3600,17.779348
2011-03-28,27.857,27.857,27.72,22.18,1600,17.747347
2011-03-29,27.645,27.67,27.645,22.139999,1600,17.715338
2011-03-30,27.52,27.607,27.52,22.059999,1400,17.65132
2011-03-31,27.595,27.607,27.545,22.09,2200,17.675339
2011-04-01,27.407,27.57,27.407,22.040001,4100,17.635321
2011-04-04,27.62,27.62,27.432,21.950001,3700,17.563318
2011-04-05,27.607,27.607,27.432,22.08,2400,17.667332
2011-04-06,27.557,27.557,27.507,22.01,4000,17.611319
2011-04-07,27.47,27.482,27.32,21.969999,16200,17.579311
2011-04-08,27.482,27.482,27.345,21.92,3000,17.539303
2011-04-11,27.407,27.407,27.27,21.84,1300,17.475298
2011-04-12,27.37,27.445,27.37,21.959999,900,17.57131
2011-04-13,27.42,27.495,27.345,22,1900,17.603313
2011-04-14,27.495,27.545,27.42,22.040001,2100,17.635321
2011-04-15,27.407,27.42,27.383,22.02,1500,17.691565
2011-04-18,27.42,27.457,27.42,22.030001,1100,17.6996
2011-04-19,27.358,27.445,27.358,22.02,4900,17.691565
2011-04-20,27.407,27.557,27.407,22.129999,3000,17.779938
2011-04-21,27.532,27.532,27.532,22.120001,4000,17.771915
2011-04-25,27.594,27.669,27.594,22.190001,8100,17.828154
2011-04-26,27.631,27.88,27.569,22.389999,11100,17.988834
2011-04-27,27.918,27.93,27.818,22.360001,19700,17.964733
2011-04-28,27.943,27.98,27.88,22.440001,2800,18.029007
2011-04-29,27.98,28.067,27.955,22.51,14000,18.085251
2011-05-02,27.968,28.067,27.943,22.549999,7000,18.117386
2011-05-03,28.067,28.129,28.042,22.559999,2200,18.125414
2011-05-04,28.067,28.241,28.055,22.690001,17000,18.229864
2011-05-05,28.353,28.428,28.328,22.84,2400,18.350382
2011-05-06,28.366,28.416,28.316,22.809999,8000,18.326275
2011-05-09,28.441,28.441,28.441,22.85,1200,18.358404
2011-05-10,28.478,28.478,28.378,22.860001,5900,18.366446
2011-05-11,28.44,28.465,28.416,22.870001,2500,18.374485
2011-05-12,28.503,28.59,28.49,22.969999,72000,18.454826
2011-05-13,28.292,28.391,28.279,22.9,4800,18.470949
2011-05-16,28.403,28.441,28.379,22.940001,17900,18.503223
2011-05-17,28.453,28.552,28.403,23.01,94300,18.55969
2011-05-18,28.577,28.577,28.478,22.969999,1900,18.527412
2011-05-19,28.465,28.478,28.416,22.959999,13800,18.519354
2011-05-20,28.478,28.515,28.478,22.99,14300,18.543549
2011-05-23,28.515,28.577,28.515,23.02,2400,18.567749
2011-05-24,28.577,28.577,28.565,23.040001,700,18.583874
2011-05-25,28.565,28.577,28.478,22.969999,3000,18.527412
2011-05-26,28.515,28.565,28.515,23.040001,800,18.583874
2011-05-27,28.49,28.552,28.453,23,2800,18.551613
2011-05-31,28.527,28.589,28.515,23.059999,2600,18.600018
2011-06-01,28.54,28.689,28.54,23.07,2500,18.608074
2011-06-02,28.627,28.701,28.602,23.139999,6400,18.66453
2011-06-03,28.726,28.726,28.664,23.120001,1900,18.648411
2011-06-06,28.751,28.751,28.664,23.16,3400,18.680674
2011-06-07,28.726,28.726,28.726,23.17,1800,18.688734
2011-06-08,28.726,28.751,28.639,23.190001,3000,18.70487
2011-06-09,28.788,28.788,28.751,23.200001,7700,18.712934
2011-06-10,28.763,28.8,28.676,23.209999,6000,18.720997
2011-06-13,28.713,28.751,28.651,23.129999,3600,18.656475
2011-06-14,28.689,28.713,28.602,23.08,2800,18.616138
2011-06-15,28.394,28.406,28.394,22.99,1900,18.614517
2011-06-16,28.48,28.542,28.468,23.08,5000,18.687395
2011-06-17,28.567,28.567,28.48,23.059999,2900,18.671211
2011-06-20,28.579,28.579,28.542,23.139999,1700,18.73597
2011-06-21,28.505,28.579,28.505,23.139999,1500,18.73597
2011-06-22,28.579,28.579,28.555,23.139999,1400,18.73597
2011-06-23,28.604,28.629,28.542,23.18,8000,18.768366
2011-06-24,28.653,28.653,28.629,23.18,2200,18.768366
2011-06-27,28.604,28.666,28.604,23.209999,700,18.792656
2011-06-28,28.629,28.629,28.567,23.129999,1100,18.727882
2011-06-29,28.505,28.53,28.505,23.1,2400,18.703585
2011-06-30,28.48,28.48,28.382,22.99,2700,18.614517
2011-07-01,28.369,28.394,28.369,22.99,3200,18.614517
2011-07-05,28.394,28.406,28.394,23,1000,18.62262
2011-07-06,28.419,28.419,28.32,23,4900,18.62262
2011-07-07,28.369,28.382,28.27,22.959999,12400,18.590231
2011-07-08,28.394,28.406,28.382,22.98,2700,18.606434
2011-07-11,28.456,28.48,28.419,23.040001,13300,18.655006
2011-07-12,28.592,28.604,28.567,23.16,2300,18.752167
2011-07-13,28.616,28.653,28.592,23.16,45400,18.752167
2011-07-14,28.555,28.653,28.555,23.200001,2100,18.784557
2011-07-15,28.422,28.446,28.409,23.1,1300,18.774797
2011-07-18,28.446,28.446,28.372,23.059999,4300,18.742294
2011-07-19,28.385,28.459,28.372,23.059999,2300,18.742294
2011-07-20,28.422,28.422,28.286,23.02,39300,18.709789
2011-07-21,28.36,28.422,28.286,22.99,21400,18.685392
2011-07-22,28.274,28.385,28.262,23.07,12600,18.750422
2011-07-25,28.372,28.385,28.262,22.98,20800,18.677269
2011-07-26,28.372,28.385,28.274,23,10900,18.693521
2011-07-27,28.372,28.385,28.249,22.959999,7100,18.661015
2011-07-28,28.372,28.372,28.286,23.040001,4600,18.726032
2011-07-29,28.385,28.385,28.323,23.030001,6800,18.717907
2011-08-01,28.422,28.495,28.36,23.16,10200,18.823572
2011-08-02,28.631,28.705,28.606,23.33,1600,18.961742
2011-08-03,28.766,29.061,28.754,23.530001,14500,19.124302
2011-08-04,28.988,29.135,28.975,23.67,6900,19.238079
2011-08-05,29.098,29.098,29,23.629999,13400,19.205572
2011-08-08,29,29.061,28.914,23.540001,25900,19.13242
2011-08-09,28.975,29.111,28.889,23.6,19200,19.181187
2011-08-10,29.098,29.295,29.098,23.75,3700,19.303099
2011-08-11,29.184,29.184,28.938,23.6,20200,19.181187
2011-08-12,29.074,29.221,28.975,23.690001,4700,19.254332
2011-08-15,28.957,28.982,28.908,23.58,4000,19.233942
2011-08-16,28.933,29.006,28.835,23.65,3000,19.291039
2011-08-17,28.982,29.031,28.933,23.66,8300,19.299196
2011-08-18,28.969,29.08,28.969,23.719999,2400,19.348135
2011-08-19,29.043,29.141,29.031,23.719999,4600,19.348135
2011-08-22,29.067,29.141,29.067,23.75,7100,19.372608
2011-08-23,29.08,29.116,28.994,23.65,1700,19.291039
2011-08-24,29.067,29.067,29.067,23.709999,100,19.339977
2011-08-25,28.982,28.982,28.908,23.58,2000,19.233942
2011-08-26,29.006,29.006,28.908,23.58,2400,19.233942
2011-08-29,28.957,28.957,28.945,23.620001,4200,19.266567
2011-08-30,28.994,28.994,28.908,23.65,4600,19.291039
2011-08-31,28.994,29.018,28.933,23.6,2300,19.25025
2011-09-01,28.969,29.006,28.969,23.66,2600,19.299196
2011-09-02,29.141,29.166,29.043,23.790001,3600,19.405239
2011-09-06,29.178,29.276,29.153,23.879999,8600,19.478653
2011-09-07,29.288,29.288,29.264,23.889999,4400,19.486801
2011-09-08,29.337,29.362,29.3,23.950001,23600,19.535738
2011-09-09,29.337,29.362,29.337,23.940001,3700,19.527599
2011-09-12,29.362,29.435,29.362,23.969999,11500,19.552061
2011-09-13,29.215,29.435,29.215,23.9,23100,19.494963
2011-09-14,29.251,29.362,29.251,23.879999,4100,19.478653
2011-09-15,29.109,29.109,28.963,23.74,26400,19.434441
2011-09-16,29.061,29.134,28.963,23.709999,22300,19.409882
2011-09-19,29.158,29.183,29.048,23.780001,8300,19.467182
2011-09-20,29.158,29.17,29.048,23.780001,11500,19.467182
2011-09-21,29.17,29.17,29.061,23.83,7300,19.508118
2011-09-22,29.366,29.574,29.354,24.200001,5900,19.811012
2011-09-23,29.488,29.488,29.366,24.139999,3300,19.761898
2011-09-26,29.488,29.488,29.488,24.139999,300,19.761898
2011-09-27,31.723,32.664,29.317,24.01,10600,19.655472
2011-09-28,29.366,29.366,29.219,23.99,11300,19.639099
2011-09-29,29.354,29.354,29.195,23.9,2900,19.565422
2011-09-30,29.158,29.317,29.158,23.99,10900,19.639099
2011-10-03,29.341,29.341,29.244,24.01,1700,19.655472
2011-10-04,29.28,29.354,29.28,24,3000,19.647285
2011-10-05,29.305,29.305,29.097,23.82,11200,19.499928
2011-10-06,29.085,29.183,29.048,23.780001,2900,19.467182
2011-10-07,28.926,29.085,28.926,23.77,2900,19.459003
2011-10-10,29.146,29.146,28.889,23.709999,10900,19.409882
2011-10-11,29.146,29.146,29.061,23.790001,5900,19.475374
2011-10-12,29.109,29.109,28.963,23.709999,9500,19.409882
2011-10-13,29.073,29.097,29.024,23.76,2900,19.450813
2011-10-14,29.34,29.559,28.914,23.780001,22800,19.532961
2011-10-17,28.975,28.975,28.841,23.799999,9800,19.549385
2011-10-18,28.865,29.048,28.865,23.780001,8500,19.532961
2011-10-19,29.036,29.036,28.987,23.84,2200,19.582239
2011-10-20,29.06,29.06,28.914,23.75,20200,19.50832
2011-10-21,29.036,29.048,28.914,23.790001,14400,19.541174
2011-10-24,29.06,29.06,28.975,23.799999,2500,19.549385
2011-10-25,28.975,29.048,28.963,23.799999,7600,19.549385
2011-10-26,29.024,29.072,28.987,23.809999,4600,19.557602
2011-10-27,29.024,29.024,28.865,23.709999,9900,19.47546
2011-10-28,28.817,28.926,28.817,23.74,2200,19.500093
2011-10-31,28.902,29.024,28.902,23.82,2700,19.565813
2011-11-01,29.194,29.194,29.121,23.940001,7900,19.664377
2011-11-02,29.17,29.17,29.133,23.940001,2700,19.664377
2011-11-03,29.145,29.145,29.036,23.9,10300,19.631529
2011-11-04,29.097,29.109,28.987,23.91,6800,19.63974
2011-11-07,29.121,29.133,29.097,23.93,3400,19.656166
2011-11-08,29.121,29.121,29.048,23.9,6700,19.631529
2011-11-09,28.987,29.17,28.987,23.879999,5000,19.615101
2011-11-10,29.145,29.145,29.097,23.92,6800,19.647957
2011-11-11,29.084,29.121,29.084,23.889999,8000,19.623308
2011-11-14,29.097,29.097,29.06,23.870001,13600,19.606886
2011-11-15,28.868,28.88,28.71,23.66,10200,19.498102
2011-11-16,28.844,28.844,28.735,23.73,7900,19.555779
2011-11-17,28.88,28.88,28.819,23.780001,3100,19.596994
2011-11-18,28.856,28.904,28.819,23.82,5600,19.629951
2011-11-21,28.953,28.953,28.917,23.860001,5500,19.662916
2011-11-22,28.977,28.977,28.856,23.860001,19000,19.662916
2011-11-23,28.953,28.965,28.904,23.860001,5300,19.662916
2011-11-25,28.977,28.977,28.965,23.870001,3500,19.671162
2011-11-28,28.989,28.989,28.868,23.84,4600,19.646437
2011-11-29,28.941,28.941,28.819,23.83,3000,19.638195
2011-11-30,28.929,28.929,28.783,23.799999,15400,19.61347
2011-12-01,28.759,28.868,28.759,23.790001,4600,19.605232
2011-12-02,28.88,28.917,28.832,23.83,5200,19.638195
2011-12-05,28.965,28.965,28.88,23.85,22300,19.654678
2011-12-06,28.977,29.05,28.977,23.940001,13500,19.728846
2011-12-07,29.147,29.171,29.123,24.030001,8300,19.803009
2011-12-08,29.196,29.22,29.159,24.030001,13700,19.803009
2011-12-09,29.147,29.147,29.111,23.99,500,19.770056
2011-12-12,29.305,29.305,29.111,24.09,7300,19.852465
2011-12-13,29.22,29.232,29.171,24.08,5900,19.844223
2011-12-14,29.256,29.268,29.22,24.120001,14500,19.877197
2011-12-15,29.089,29.101,29.065,24.049999,3200,19.883793
2011-12-16,29.138,29.138,29.004,24.08,3500,19.908609
2011-12-19,29.15,29.15,29.004,24.1,7200,19.925133
2011-12-20,29.162,29.162,29.053,24.09,4100,19.916876
2011-12-21,29.162,29.162,29.065,24.1,6100,19.925133
2011-12-22,32.04,32.04,29.089,24.049999,6000,19.883793
2011-12-23,29.271,29.271,29.041,24.120001,4000,19.941669
2011-12-27,29.174,29.198,29.174,24.129999,1600,19.949938
2011-12-28,29.21,29.21,29.15,24.139999,6100,19.95821
2011-12-29,29.21,29.271,29.21,24.200001,1500,20.007814
2011-12-30,29.271,29.307,29.271,24.209999,4000,20.016073
2012-01-03,29.283,29.307,29.21,24.15,6000,19.966478
2012-01-04,29.319,29.319,29.186,24.139999,15500,19.95821
2012-01-05,29.367,29.379,29.222,24.280001,13000,20.073954
2012-01-06,29.379,29.44,29.271,24.34,4200,20.123558
2012-01-09,29.452,29.537,29.331,24.41,22800,20.181437
2012-01-10,29.464,29.585,29.44,24.389999,20300,20.164894
2012-01-11,29.561,29.73,29.561,24.57,16500,20.313715
2012-01-12,29.791,29.815,29.718,24.639999,9500,20.371593
2012-01-13,29.554,29.723,29.554,24.610001,4000,20.41806
2012-01-17,29.626,29.795,29.626,24.719999,15400,20.509323
2012-01-18,29.867,29.867,29.771,24.77,8300,20.5508
2012-01-19,29.843,29.843,29.675,24.639999,6200,20.442942
2012-01-20,29.723,29.723,29.614,24.57,11700,20.384871
2012-01-23,29.795,29.795,29.506,24.52,12100,20.343388
2012-01-24,29.59,29.651,29.542,24.6,4200,20.409756
2012-01-25,29.795,29.795,29.614,24.66,16000,20.459541
2012-01-26,29.759,29.807,29.759,24.719999,4400,20.509323
2012-01-27,29.855,29.867,29.795,24.780001,12100,20.559101
2012-01-30,30.048,30.048,29.928,24.870001,25800,20.633772
2012-01-31,30.121,30.121,29.916,24.82,1500,20.592289
2012-02-01,30.036,30.036,29.904,24.809999,10100,20.583988
2012-02-02,30.109,30.109,29.988,24.9,12300,20.658653
2012-02-03,29.952,29.964,29.892,24.799999,10600,20.575689
2012-02-06,30.253,30.253,29.843,24.799999,12900,20.575689
2012-02-07,29.916,29.952,29.819,24.809999,10500,20.583988
2012-02-08,29.916,29.928,29.843,24.809999,11800,20.583988
2012-02-09,29.928,29.928,29.867,24.780001,7600,20.559101
2012-02-10,29.831,29.928,29.831,24.83,28300,20.600582
2012-02-13,29.964,29.964,29.843,24.76,11400,20.542509
2012-02-14,30.06,30.06,29.867,24.85,15200,20.617178
2012-02-15,29.776,29.788,29.764,24.799999,21300,20.647144
2012-02-16,29.788,29.8,29.74,24.77,3900,20.622173
2012-02-17,29.788,29.788,29.752,24.780001,9700,20.630497
2012-02-21,29.812,29.812,29.752,24.780001,22700,20.630497
2012-02-22,29.704,29.752,29.704,24.77,2200,20.622173
2012-02-23,29.764,29.764,29.716,24.77,8500,20.622173
2012-02-24,29.776,29.812,29.776,24.809999,17400,20.655479
2012-02-27,29.86,29.86,29.788,24.85,5300,20.688778
2012-02-28,29.872,29.884,29.788,24.870001,19200,20.705425
2012-02-29,29.908,29.908,29.86,24.870001,13600,20.705425
2012-03-01,29.872,29.872,29.776,24.809999,11000,20.655479
2012-03-02,29.836,29.836,29.764,24.82,9200,20.663799
2012-03-05,29.848,29.848,29.752,24.82,6600,20.663799
2012-03-06,29.896,29.896,29.728,24.799999,4400,20.647144
2012-03-07,29.8,29.8,29.728,24.77,10400,20.622173
2012-03-08,29.776,29.776,29.716,24.74,7000,20.597197
2012-03-09,29.8,29.8,29.728,24.799999,7900,20.647144
2012-03-12,29.896,29.896,29.764,24.809999,9800,20.655479
2012-03-13,29.848,29.848,29.788,24.82,15700,20.663799
2012-03-14,29.8,29.8,29.668,24.73,12500,20.588865
2012-03-15,29.468,29.468,29.408,24.6,19300,20.552937
2012-03-16,30.042,30.042,29.324,24.549999,20000,20.511162
2012-03-19,29.444,29.444,29.324,24.530001,7800,20.494463
2012-03-20,29.372,29.396,29.288,24.559999,4000,20.519518
2012-03-21,29.372,29.408,29.288,24.540001,5300,20.502815
2012-03-22,29.432,29.456,29.384,24.610001,4000,20.561298
2012-03-23,29.504,29.504,29.42,24.65,2600,20.594713
2012-03-26,29.504,29.504,29.432,24.629999,20400,20.578011
2012-03-27,29.552,29.576,29.444,24.709999,2700,20.644846
2012-03-28,29.576,29.576,29.504,24.700001,10000,20.636494
2012-03-29,29.935,29.935,29.528,24.67,1500,20.611433
2012-03-30,29.576,29.576,29.528,24.67,3100,20.611433
2012-04-02,29.528,29.528,29.444,24.620001,3200,20.569654
2012-04-03,29.54,29.54,29.456,24.629999,4300,20.578011
2012-04-04,29.444,29.516,29.432,24.59,8400,20.544582
2012-04-05,29.54,29.552,29.48,24.68,5900,20.619785
2012-04-09,29.6,29.683,29.588,24.780001,4000,20.703331
2012-04-10,29.683,29.719,29.671,24.82,2400,20.736748
2012-04-11,29.564,29.707,29.564,24.790001,12500,20.711681
2012-04-12,29.707,29.707,29.624,24.790001,54100,20.711681
2012-04-13,29.509,29.521,29.497,24.75,6300,20.750248
2012-04-16,29.533,29.545,29.485,24.75,6600,20.750248
2012-04-17,29.557,29.557,29.485,24.75,3200,20.750248
2012-04-18,29.58,29.58,29.497,24.780001,10800,20.775402
2012-04-19,29.58,29.58,29.545,24.780001,34700,20.775402
2012-04-20,29.306,29.604,29.306,24.799999,10900,20.792177
2012-04-23,29.592,29.592,29.58,24.809999,2800,20.800552
2012-04-24,29.652,29.652,29.58,24.860001,11300,20.842474
2012-04-25,29.652,29.664,29.58,24.799999,7900,20.792177
2012-04-26,29.664,29.664,29.652,24.870001,9600,20.850853
2012-04-27,29.664,29.664,29.652,24.860001,8100,20.842474
2012-04-30,29.652,29.664,29.604,24.870001,5600,20.850853
2012-05-01,29.688,29.688,29.64,24.879999,12700,20.859234
2012-05-02,29.724,29.724,29.676,24.879999,3500,20.859234
2012-05-03,29.724,29.759,29.688,24.92,21000,20.892773
2012-05-04,29.759,29.819,29.759,25,13200,20.959848
2012-05-07,29.867,29.867,29.783,25.040001,5600,20.993385
2012-05-08,29.819,29.914,29.819,25.08,2900,21.026915
2012-05-09,29.962,29.962,29.926,25.110001,38600,21.052074
2012-05-10,29.902,29.938,29.89,25.09,7000,21.035301
2012-05-11,29.926,29.95,29.926,25.110001,5600,21.052074
2012-05-14,29.998,29.998,29.914,25.15,10000,21.085602
2012-05-15,29.765,29.8,29.705,25.030001,5300,21.057003
2012-05-16,29.753,29.753,29.646,24.950001,6000,20.989712
2012-05-17,29.729,29.729,29.658,25,12900,21.031761
2012-05-18,29.705,29.717,29.669,24.98,5400,21.01494
2012-05-21,29.753,29.753,29.669,25.030001,4800,21.057003
2012-05-22,29.717,29.717,29.646,24.959999,8900,20.998117
2012-05-23,29.646,29.729,29.646,24.99,16000,21.023352
2012-05-24,29.669,29.681,29.669,24.969999,900,21.006535
2012-05-25,29.705,29.717,29.432,25,25200,21.031761
2012-05-29,29.634,29.717,29.574,25,11100,21.031761
2012-05-30,29.717,29.753,29.622,25.01,10900,21.040176
2012-05-31,29.753,29.812,29.717,25.07,5800,21.090658
2012-06-01,29.8,29.848,29.765,25.059999,4300,21.082241
2012-06-04,29.848,29.848,29.765,25.08,1100,21.099066
2012-06-05,29.836,29.836,29.765,25.040001,9800,21.065414
2012-06-06,29.705,29.765,29.681,24.98,11700,21.01494
2012-06-07,29.693,29.693,29.598,24.950001,4100,20.989712
2012-06-08,29.681,29.681,29.646,24.959999,2300,20.998117
2012-06-11,29.681,29.693,29.658,24.959999,17600,20.998117
2012-06-12,29.681,29.681,29.634,24.93,2200,20.972878
2012-06-13,29.622,29.658,29.622,24.950001,3200,20.989712
2012-06-14,29.693,29.729,29.669,24.98,15100,21.01494
2012-06-15,29.544,29.544,29.52,24.92,22700,21.036888
2012-06-18,29.567,29.567,29.496,24.9,10600,21.02001
2012-06-19,29.567,29.567,29.496,24.9,5100,21.02001
2012-06-20,29.555,29.555,29.496,24.92,17500,21.036888
2012-06-21,29.532,29.567,29.496,24.950001,9800,21.062218
2012-06-22,29.484,29.567,29.484,24.940001,4800,21.053778
2012-06-25,29.567,29.567,29.544,24.950001,10100,21.062218
2012-06-26,29.544,29.544,29.484,24.92,7000,21.036888
2012-06-27,29.532,29.567,29.496,24.940001,12000,21.053778
2012-06-28,29.567,29.615,29.532,24.99,36700,21.095978
2012-06-29,29.555,29.555,29.52,24.950001,3700,21.062218
2012-07-02,29.603,29.603,29.532,24.93,15000,21.045332
2012-07-03,29.508,29.567,29.508,24.92,2000,21.036888
2012-07-05,29.579,29.603,29.532,24.93,8000,21.045332
2012-07-06,29.603,29.65,29.567,24.959999,7300,21.070667
2012-07-09,29.65,29.686,29.638,25.059999,13000,21.155079
2012-07-10,29.733,29.745,29.709,25.1,14800,21.188845
2012-07-11,29.78,29.804,29.78,25.15,5000,21.231052
2012-07-12,29.828,29.828,29.804,25.16,1500,21.239489
2012-07-13,29.692,29.692,29.644,25.139999,6700,21.294544
2012-07-16,29.739,29.751,29.692,25.200001,9500,21.345369
2012-07-17,29.774,29.774,29.715,25.209999,3000,21.353842
2012-07-18,29.751,29.774,29.739,25.209999,5900,21.353842
2012-07-19,29.727,29.798,29.727,25.24,9400,21.379251
2012-07-20,29.822,29.857,29.798,25.280001,8100,21.413139
2012-07-23,29.845,29.951,29.845,25.370001,1800,21.489363
2012-07-24,29.94,29.987,29.904,25.389999,12400,21.506311
2012-07-25,29.881,29.987,29.881,25.4,5400,21.51478
2012-07-26,29.987,29.987,29.904,25.389999,21900,21.506311
2012-07-27,29.987,29.987,29.845,25.34,10000,21.463951
2012-07-30,29.916,29.951,29.845,25.370001,19500,21.489363
2012-07-31,29.999,29.999,29.892,25.35,11800,21.472418
2012-08-01,29.94,29.94,29.845,25.360001,8200,21.4809
2012-08-02,29.94,29.963,29.869,25.299999,15500,21.430071
2012-08-03,29.904,29.904,29.822,25.309999,3700,21.438555
2012-08-06,29.892,29.904,29.833,25.27,4000,21.404663
2012-08-07,29.869,29.869,29.798,25.290001,13600,21.421608
2012-08-08,29.857,29.857,29.822,25.26,8400,21.396193
2012-08-09,29.822,29.822,29.81,25.25,1200,21.387722
2012-08-10,29.833,29.833,29.751,25.219999,8500,21.36231
2012-08-13,29.786,29.869,29.786,25.290001,26700,21.421608
2012-08-14,29.833,29.833,29.81,25.26,8500,21.396193
2012-08-15,29.619,29.619,29.525,25.110001,10700,21.338408
2012-08-16,29.536,29.572,29.536,25.120001,14700,21.346905
2012-08-17,29.56,29.56,29.513,25.1,22200,21.329914
2012-08-20,29.501,29.572,29.489,25.110001,14500,21.338408
2012-08-21,29.454,29.548,29.454,25.049999,10600,21.287415
2012-08-22,29.525,29.595,29.525,25.15,3700,21.372398
2012-08-23,29.419,29.607,29.419,25.16,10800,21.38089
2012-08-24,29.642,29.713,29.619,25.209999,12200,21.423388
2012-08-27,29.736,29.736,29.701,25.24,4000,21.448889
2012-08-28,29.736,29.748,29.725,25.280001,31000,21.48288
2012-08-29,29.666,29.76,29.666,25.219999,1700,21.431885
2012-08-30,29.748,29.772,29.678,25.25,15700,21.45738
2012-08-31,29.76,29.772,29.76,25.290001,1400,21.491371
2012-09-04,29.701,29.795,29.701,25.299999,26300,21.499872
2012-09-05,29.784,29.784,29.76,25.299999,17300,21.499872
2012-09-06,29.784,29.784,29.678,25.25,8000,21.45738
2012-09-07,29.713,29.713,29.666,25.209999,10400,21.423388
2012-09-10,29.725,29.725,29.689,25.23,9600,21.44039
2012-09-11,29.689,29.736,29.642,25.23,21300,21.44039
2012-09-12,29.642,29.713,29.595,25.15,18500,21.372398
2012-09-13,29.595,29.631,29.595,25.16,14600,21.38089
2012-09-14,29.446,29.446,29.282,24.959999,29400,21.276043
2012-09-17,29.857,36.262,29.305,25,72800,21.310144
2012-09-18,29.352,29.446,29.352,25.030001,22000,21.335724
2012-09-19,30.091,30.091,29.387,25.07,26800,21.369812
2012-09-20,29.516,29.528,29.446,25.15,10400,21.438013
2012-09-21,29.528,29.54,29.47,25.17,8100,21.455061
2012-09-24,29.552,29.552,29.505,25.190001,5000,21.472109
2012-09-25,29.552,29.563,29.516,25.200001,6900,21.480625
2012-09-26,29.575,29.61,29.54,25.24,7600,21.514721
2012-09-27,29.587,29.645,29.587,25.27,6500,21.540298
2012-09-28,29.974,29.974,29.645,25.299999,20400,21.565874
2012-10-01,29.728,29.728,29.704,25.33,6900,21.591436
2012-10-02,29.728,29.739,29.692,25.35,18000,21.60849
2012-10-03,29.763,29.786,29.739,25.389999,2300,21.642591
2012-10-04,29.728,29.857,29.692,25.450001,12300,21.693729
2012-10-05,29.763,29.763,29.728,25.360001,15500,21.617012
2012-10-08,29.775,29.798,29.775,25.389999,9800,21.642591
2012-10-09,29.798,29.798,29.728,25.379999,5600,21.63406
2012-10-10,29.716,29.798,29.716,25.379999,10000,21.63406
2012-10-11,29.751,29.786,29.751,25.379999,17000,21.63406
2012-10-12,29.81,29.81,29.798,25.41,3400,21.659632
2012-10-15,29.661,29.673,29.591,25.32,19300,21.648516
2012-10-16,29.439,29.661,29.439,25.360001,11900,21.68272
2012-10-17,29.638,29.638,29.567,25.280001,14700,21.614323
2012-10-18,29.544,29.638,29.544,25.33,6000,21.657064
2012-10-19,29.602,29.638,29.556,25.33,6600,21.657064
2012-10-22,29.556,29.638,29.556,25.33,9600,21.657064
2012-10-23,29.626,29.661,29.591,25.360001,13100,21.68272
2012-10-24,29.673,29.673,29.649,25.360001,10700,21.68272
2012-10-25,29.649,29.649,29.567,25.33,12600,21.657064
2012-10-26,29.649,29.661,29.614,25.360001,11200,21.68272
2012-10-31,29.684,29.684,29.614,25.33,4400,21.657064
2012-11-01,29.696,29.708,29.626,25.33,6600,21.657064
2012-11-02,29.649,29.696,29.649,25.379999,13200,21.69982
2012-11-05,29.708,29.708,29.649,25.389999,3300,21.708368
2012-11-06,29.766,29.766,29.661,25.389999,6800,21.708368
2012-11-07,29.719,29.836,29.684,25.51,139500,21.810972
2012-11-08,29.801,29.871,29.743,25.49,148400,21.793871
2012-11-09,29.883,29.907,29.825,25.540001,25700,21.836618
2012-11-12,29.848,29.93,29.848,25.559999,12900,21.853722
2012-11-13,29.871,29.977,29.871,25.629999,33800,21.913567
2012-11-14,29.977,30.047,29.953,25.67,17100,21.947767
2012-11-15,29.838,29.919,29.826,25.610001,16600,21.964066
2012-11-16,29.826,29.966,29.826,25.700001,13300,22.04125
2012-11-19,29.954,29.954,29.896,25.66,11700,22.006945
2012-11-20,29.978,29.978,29.919,25.66,11500,22.006945
2012-11-21,29.954,29.989,29.954,25.709999,13700,22.04982
2012-11-23,30.024,30.024,29.954,25.690001,8800,22.032673
2012-11-26,29.954,30.001,29.954,25.709999,31300,22.04982
2012-11-27,29.954,30.036,29.954,25.73,8500,22.066982
2012-11-28,30.024,30.106,30.024,25.809999,10900,22.135592
2012-11-29,30.083,30.083,30.024,25.790001,5400,22.118441
2012-11-30,30.083,30.094,30.036,25.809999,11200,22.135592
2012-12-03,30.036,30.118,30.013,25.75,25600,22.084129
2012-12-04,30.013,30.094,30.013,25.780001,2600,22.109863
2012-12-05,30.001,30.094,30.001,25.809999,13000,22.135592
2012-12-06,30.094,30.094,30.059,25.809999,6400,22.135592
2012-12-07,29.966,30.083,29.966,25.799999,11300,22.127007
2012-12-10,30.083,30.106,30.059,25.790001,21400,22.118441
2012-12-11,30.024,30.059,29.943,25.700001,30400,22.04125
2012-12-12,29.919,29.966,29.849,25.610001,32200,21.964066
2012-12-13,29.849,29.861,29.721,25.58,24100,21.938335
2012-12-14,29.643,29.725,29.562,25.43,12500,21.875538
2012-12-17,29.655,29.655,29.399,25.370001,12700,21.823925
2012-12-18,29.469,29.539,29.306,25.24,22300,21.712095
2012-12-19,29.295,29.457,29.295,25.34,29600,21.798111
2012-12-20,29.376,29.376,29.132,25.25,56600,21.720699
2012-12-21,29.202,29.411,29.202,25.24,26600,21.712095
2012-12-24,29.353,29.353,29.295,25.25,10100,21.720699
2012-12-26,29.283,29.353,29.283,25.24,22600,21.712095
2012-12-27,29.26,29.411,29.26,25.299999,14100,21.763708
2012-12-28,29.399,29.399,29.364,25.280001,47000,21.7465
2012-12-31,29.574,29.574,29.33,25.26,13400,21.729298
2013-01-02,29.388,29.411,29.295,25.23,51300,21.703489
2013-01-03,29.295,29.376,29.283,25.25,15000,21.720699
2013-01-04,29.364,29.364,29.318,25.24,20400,21.712095
2013-01-07,29.364,29.411,29.33,25.27,24400,21.737894
2013-01-08,29.434,29.481,29.364,25.360001,71300,21.815323
2013-01-09,29.504,29.539,29.481,25.4,50900,21.849731
2013-01-10,29.55,29.562,29.527,25.42,40800,21.866932
2013-01-11,29.574,29.597,29.539,25.450001,34200,21.892748
2013-01-14,29.632,29.643,29.574,25.49,26000,21.927155
2013-01-15,29.448,29.495,29.448,25.42,33200,21.934059
2013-01-16,29.495,29.518,29.437,25.469999,16700,21.977194
2013-01-17,29.518,29.518,29.414,25.450001,35500,21.959942
2013-01-18,29.518,29.541,29.495,25.48,16400,21.985828
2013-01-22,29.564,29.576,29.53,25.51,18700,22.011707
2013-01-23,29.564,29.564,29.495,25.48,17300,21.985828
2013-01-24,29.529,29.553,29.483,25.440001,9200,21.951311
2013-01-25,29.506,29.506,29.414,25.379999,34800,21.899542
2013-01-28,29.437,29.437,29.344,25.360001,39900,21.88229
2013-01-29,29.46,29.46,29.379,25.35,5300,21.873655
2013-01-30,29.39,29.437,29.39,25.370001,5900,21.890911
2013-01-31,29.344,29.437,29.332,25.35,7200,21.873655
2013-02-01,29.46,29.46,29.39,25.370001,9600,21.890911
2013-02-04,29.414,29.46,29.367,25.379999,10000,21.899542
2013-02-05,29.437,29.437,29.367,25.360001,8700,21.88229
2013-02-06,29.379,29.472,29.379,25.4,36400,21.916801
2013-02-07,29.437,29.46,29.379,25.42,8500,21.934059
2013-02-08,29.379,29.448,29.379,25.41,5900,21.925428
2013-02-11,29.483,29.483,29.437,25.43,13400,21.942675
2013-02-12,29.506,29.506,29.437,25.42,11600,21.934059
2013-02-13,29.437,29.448,29.321,25.370001,9500,21.890911
2013-02-14,29.332,29.425,29.332,25.379999,8500,21.899542
2013-02-15,29.27,29.27,29.224,25.33,4700,21.920309
2013-02-19,29.131,29.282,29.131,25.299999,24100,21.89435
2013-02-20,29.259,29.259,29.212,25.290001,7600,21.885698
2013-02-21,29.235,29.293,29.235,25.32,26700,21.911657
2013-02-22,29.293,29.293,29.259,25.33,5500,21.920309
2013-02-25,29.201,29.282,28.889,25.34,47600,21.928961
2013-02-26,29.282,29.386,29.27,25.4,9600,21.980886
2013-02-27,29.374,29.374,29.282,25.35,17900,21.937618
2013-02-28,29.293,29.386,29.282,25.389999,13800,21.972233
2013-03-01,29.559,29.559,29.316,25.42,7100,21.998192
2013-03-04,29.316,29.42,29.316,25.459999,3600,22.032803
2013-03-05,29.305,29.397,29.293,25.42,25800,21.998192
2013-03-06,29.259,29.351,29.178,25.290001,14300,21.885698
2013-03-07,29.259,29.27,29.166,25.280001,5000,21.877048
2013-03-08,29.224,29.224,29.12,25.200001,11700,21.807816
2013-03-11,28.762,29.155,28.762,25.190001,40600,21.799154
2013-03-12,29.212,29.212,29.051,25.16,7900,21.773197
2013-03-13,29.004,29.062,28.97,25.08,20300,21.703964
2013-03-14,29.051,29.051,28.935,25.07,19700,21.695311
2013-03-15,28.801,28.882,28.801,25.07,14500,21.761274
2013-03-18,28.882,28.997,28.882,25.120001,17500,21.804676
2013-03-19,28.985,29.02,28.893,25.18,37000,21.856758
2013-03-20,28.87,29.02,28.87,25.18,8700,21.856758
2013-03-21,29.135,29.135,28.939,25.17,11000,21.848076
2013-03-22,29.135,29.135,28.928,25.190001,2200,21.86544
2013-03-25,29.078,29.078,28.974,25.18,19700,21.856758
2013-03-26,29.032,29.032,28.939,25.139999,34600,21.822046
2013-03-27,29.055,29.055,28.974,25.200001,9000,21.874123
2013-03-28,29.02,29.02,28.974,25.18,14700,21.856758
2013-04-01,29.009,29.02,28.985,25.18,5800,21.856758
2013-04-02,28.997,29.009,28.985,25.16,3400,21.839399
2013-04-03,28.928,29.032,28.928,25.18,14200,21.856758
2013-04-04,29.055,29.089,29.032,25.25,9900,21.917517
2013-04-05,29.135,29.204,29.135,25.309999,63000,21.969601
2013-04-08,29.147,29.181,29.147,25.32,15500,21.978277
2013-04-09,29.25,29.25,29.181,25.360001,11000,22.013
2013-04-10,29.204,29.204,29.112,25.280001,37400,21.943558
2013-04-11,29.204,29.204,29.101,25.32,9500,21.978277
2013-04-12,29.216,29.216,29.135,25.34,16700,21.995644
2013-04-15,29.048,29.048,29.002,25.25,5600,21.983452
2013-04-16,29.002,29.002,28.944,25.25,12200,21.983452
2013-04-17,28.899,29.036,28.899,25.280001,7700,22.009573
2013-04-18,29.025,29.059,29.002,25.27,2700,22.000864
2013-04-19,29.117,29.289,28.99,25.32,16000,22.044392
2013-04-22,29.094,29.094,29.071,25.309999,5700,22.035692
2013-04-23,29.002,29.14,29.002,25.34,24800,22.061806
2013-04-24,29.002,29.117,29.002,25.32,16200,22.044392
2013-04-25,29.117,29.117,29.094,25.35,24100,22.070511
2013-04-26,29.082,29.151,29.082,25.370001,7300,22.087934
2013-04-29,29.117,29.163,29.117,25.379999,8900,22.096638
2013-04-30,29.174,29.197,29.082,25.41,16800,22.122757
2013-05-01,29.266,29.266,29.186,25.469999,12600,22.174992
2013-05-02,29.289,29.289,29.209,25.49,27100,22.192408
2013-05-03,29.105,29.266,29.105,25.469999,7200,22.174992
2013-05-06,29.094,29.266,29.094,25.440001,16500,22.148874
2013-05-07,29.163,29.22,29.163,25.440001,32500,22.148874
2013-05-08,29.232,29.232,29.117,25.440001,15100,22.148874
2013-05-09,29.243,29.255,29.22,25.459999,19300,22.166277
2013-05-10,29.197,29.232,29.163,25.42,31600,22.13146
2013-05-13,29.174,29.174,29.128,25.389999,15500,22.105339
2013-05-14,29.174,29.186,29.128,25.389999,27400,22.105339
2013-05-15,29.018,29.018,28.938,25.309999,5700,22.101851
2013-05-16,28.938,29.03,28.938,25.32,21400,22.11058
2013-05-17,28.972,29.03,28.915,25.280001,13900,22.075651
2013-05-20,29.018,29.018,28.949,25.309999,21200,22.101851
2013-05-21,29.19,29.19,28.904,25.25,12700,22.04945
2013-05-22,28.961,28.961,28.881,25.25,10000,22.04945
2013-05-23,28.881,28.904,28.858,25.209999,10700,22.014523
2013-05-24,28.858,28.904,28.858,25.209999,4800,22.014523
2013-05-28,28.869,28.881,28.709,25.07,30800,21.892271
2013-05-29,28.663,28.766,28.606,25.049999,21300,21.874807
2013-05-30,28.606,28.686,28.583,24.969999,20500,21.804949
2013-05-31,28.663,28.663,28.537,24.92,9600,21.76128
2013-06-03,28.594,28.606,28.56,24.940001,21900,21.778755
2013-06-04,28.549,28.56,28.526,24.92,8900,21.76128
2013-06-05,28.583,28.583,28.514,24.9,4300,21.743816
2013-06-06,28.537,28.56,28.48,24.9,14300,21.743816
2013-06-07,28.503,28.503,28.446,24.870001,30100,21.717621
2013-06-10,28.4,28.4,28.343,24.76,26200,21.621561
2013-06-11,28.239,28.32,28.239,24.709999,93200,21.577896
2013-06-12,28.171,28.171,27.907,24.370001,15200,21.280993
2013-06-13,27.873,27.999,27.724,24.24,23500,21.167479
2013-06-14,27.632,27.928,27.495,24.34,39100,21.317245
2013-06-17,27.928,27.928,27.814,24.42,24200,21.387299
2013-06-18,27.871,27.974,27.814,24.440001,7500,21.404814
2013-06-19,27.871,27.883,27.666,24.32,8900,21.299717
2013-06-20,27.711,27.711,27.232,24.01,75700,21.028223
2013-06-21,27.289,28.488,26.867,23.540001,47800,20.6166
2013-06-24,26.867,26.867,26.022,23.040001,33700,20.178684
2013-06-25,26.193,26.992,25.782,23.459999,51300,20.54653
2013-06-26,27.038,27.038,26.364,23.25,21900,20.36261
2013-06-27,26.718,27.403,26.547,23.809999,41900,20.853058
2013-06-28,27.483,27.483,27.049,23.82,4100,20.86182
2013-07-01,27.495,27.495,26.889,23.6,76600,20.669138
2013-07-02,26.889,27.266,26.889,23.73,60100,20.782997
2013-07-03,26.946,27.118,26.946,23.75,1000,20.800508
2013-07-05,27.335,27.335,26.889,23.559999,15300,20.6341
2013-07-08,26.935,27.186,26.889,23.6,21800,20.669138
2013-07-09,26.901,27.198,26.73,23.41,13000,20.502739
2013-07-10,26.889,27.026,26.718,23.41,18100,20.502739
2013-07-11,26.832,26.992,26.798,23.540001,18300,20.6166
2013-07-12,27.015,27.015,26.832,23.51,9900,20.590315
2013-07-15,26.963,26.963,26.644,23.43,15100,20.585924
2013-07-16,26.542,26.906,26.542,23.49,15000,20.638641
2013-07-17,26.644,26.883,26.644,23.610001,12800,20.744074
2013-07-18,26.974,26.974,26.724,23.57,26400,20.708931
2013-07-19,26.701,26.781,26.701,23.49,5200,20.638641
2013-07-22,26.701,26.747,26.428,23.5,40700,20.647425
2013-07-23,26.417,26.633,26.417,23.35,40700,20.515633
2013-07-24,26.439,26.439,26.371,23.17,16400,20.357483
2013-07-25,26.303,26.417,26.303,23.18,22100,20.366268
2013-07-26,26.474,26.633,26.474,23.389999,12400,20.550777
2013-07-29,26.61,26.61,26.576,23.370001,8000,20.533211
2013-07-30,26.576,26.656,26.576,23.379999,26000,20.541994
2013-07-31,26.849,26.849,26.496,23.4,23700,20.559559
2013-08-01,26.474,26.587,26.474,23.309999,19000,20.48049
2013-08-02,26.553,26.576,26.496,23.280001,6700,20.454132
2013-08-05,26.496,26.553,26.496,23.309999,7900,20.48049
2013-08-06,26.382,26.474,26.382,23.23,29600,20.410196
2013-08-07,26.291,26.496,26.291,23.23,34700,20.410196
2013-08-08,26.326,26.496,26.326,23.24,15600,20.418987
2013-08-09,26.303,26.508,26.303,23.23,24600,20.410196
2013-08-12,26.439,26.485,26.405,23.24,26000,20.418987
2013-08-13,26.36,26.428,26.36,23.200001,34100,20.383839
2013-08-14,26.36,26.417,26.36,23.18,5800,20.366268
2013-08-15,26.126,26.205,26.103,23.040001,17800,20.309856
2013-08-16,26.046,26.217,26.046,22.99,16600,20.265778
2013-08-19,25.956,26.092,25.956,22.93,61900,20.212893
2013-08-20,25.978,26.148,25.978,23,13700,20.274595
2013-08-21,26.092,26.092,25.956,22.879999,16700,20.168812
2013-08-22,25.876,25.978,25.876,22.84,17200,20.133553
2013-08-23,25.978,26.012,25.865,22.92,42100,20.204062
2013-08-26,25.922,25.922,25.865,22.809999,11500,20.107107
2013-08-27,25.876,25.967,25.831,22.77,8500,20.071848
2013-08-28,25.82,25.899,25.82,22.82,12700,20.115919
2013-08-29,25.763,25.842,25.763,22.75,10400,20.054214
2013-08-30,25.706,25.888,25.706,22.799999,13600,20.098293
2013-09-03,25.661,25.797,25.661,22.709999,27400,20.018963
2013-09-04,25.683,25.842,25.683,22.68,40600,19.992516
2013-09-05,25.649,25.797,25.468,22.549999,38800,19.877926
2013-09-06,25.729,25.729,25.615,22.6,19200,19.921988
2013-09-09,25.536,25.536,25.264,22.34,39400,19.692801
2013-09-10,25.513,25.513,25.286,22.48,9800,19.816214
2013-09-11,25.343,25.525,25.343,22.5,14300,19.833845
2013-09-12,25.422,25.751,25.422,22.68,55800,19.992516
2013-09-13,25.607,25.687,25.54,22.719999,25900,20.095995
2013-09-16,25.721,25.834,25.63,22.799999,29000,20.166761
2013-09-17,25.641,25.834,25.641,22.84,33300,20.202141
2013-09-18,25.788,26.06,25.709,23.049999,23600,20.387882
2013-09-19,25.913,26.195,25.879,23.030001,34300,20.370197
2013-09-20,26.139,26.139,26.014,23.09,16100,20.423267
2013-09-23,26.229,26.229,26.173,23.18,4300,20.502867
2013-09-24,26.082,26.218,26.026,23.110001,15700,20.440962
2013-09-25,26.014,26.207,26.014,23.16,14600,20.485188
2013-09-26,26.071,26.229,26.071,23.17,18000,20.494026
2013-09-27,26.048,26.263,26.048,23.18,7800,20.502867
2013-09-30,26.071,26.297,26.071,23.200001,8100,20.520559
2013-10-01,26.15,26.275,26.15,23.200001,10200,20.520559
2013-10-02,26.184,26.308,26.184,23.219999,5700,20.538254
2013-10-03,26.229,26.388,26.229,23.34,8400,20.644392
2013-10-04,26.297,26.297,26.241,23.25,4300,20.564785
2013-10-07,26.535,26.535,26.252,23.32,14300,20.626699
2013-10-08,26.241,26.342,26.241,23.26,1600,20.573629
2013-10-09,26.467,26.467,26.263,23.23,10000,20.5471
2013-10-10,26.433,26.433,26.139,23.15,5000,20.476337
2013-10-11,26.06,26.184,26.06,23.110001,20100,20.440962
2013-10-14,26.094,26.297,26.06,23.09,9900,20.423267
2013-10-15,25.88,25.892,25.802,22.93,17500,20.351374
2013-10-16,26.016,26.016,25.678,22.84,13200,20.271496
2013-10-17,25.734,25.869,25.734,22.889999,10700,20.315866
2013-10-18,25.689,25.88,25.689,22.93,3200,20.351374
2013-10-21,25.745,25.959,25.745,22.91,28000,20.333628
2013-10-22,25.971,25.971,25.802,23.040001,13600,20.449009
2013-10-23,25.858,26.038,25.858,23.059999,14100,20.466759
2013-10-24,26.14,26.365,26.14,23.4,13900,20.768518
2013-10-25,26.41,26.455,26.331,23.370001,12600,20.741898
2013-10-28,26.196,26.421,26.196,23.41,11000,20.777397
2013-10-29,26.478,26.478,26.331,23.370001,9800,20.741898
2013-10-30,26.275,26.376,26.275,23.389999,14100,20.759644
2013-10-31,26.342,26.399,26.331,23.43,2200,20.795145
2013-11-01,26.376,26.41,26.32,23.360001,37900,20.733025
2013-11-04,26.41,26.41,26.309,23.41,2300,20.777397
2013-11-05,26.376,26.399,26.309,23.379999,29900,20.750767
2013-11-06,26.275,26.421,26.275,23.389999,16600,20.759644
2013-11-07,26.264,26.41,26.264,23.42,249100,20.786268
2013-11-08,26.309,26.309,26.185,23.280001,80900,20.662012
2013-11-11,26.218,26.23,26.207,23.280001,1800,20.662012
2013-11-12,26.218,26.252,26.173,23.27,42000,20.653141
2013-11-13,26.117,26.275,26.117,23.280001,22400,20.662012
2013-11-14,26.342,26.342,26.23,23.32,27200,20.697514
2013-11-15,26.128,26.128,26.095,23.24,5400,20.697514
2013-11-18,26.095,26.196,26.095,23.299999,26200,20.75095
2013-11-19,26.218,26.218,26.117,23.290001,10800,20.742052
2013-11-20,26.162,26.218,26.095,23.25,22500,20.706421
2013-11-21,26.027,26.14,26.027,23.25,20500,20.706421
2013-11-22,26.084,26.173,26.084,23.309999,7200,20.759857
2013-11-25,26.218,26.23,26.151,23.35,17000,20.795483
2013-11-26,26.207,26.274,26.207,23.379999,11200,20.822201
2013-11-27,26.185,26.241,26.185,23.370001,1600,20.813297
2013-11-29,26.274,26.274,26.263,23.4,2300,20.840017
2013-12-02,26.196,26.252,26.173,23.32,21000,20.768766
2013-12-03,26.173,26.207,26.162,23.34,17500,20.786579
2013-12-04,26.151,26.196,26.106,23.26,12300,20.715332
2013-12-05,26.162,26.207,26.162,23.299999,3300,20.75095
2013-12-06,26.218,26.241,26.173,23.33,1200,20.777674
2013-12-09,26.185,26.23,26.185,23.360001,7400,20.80439
2013-12-10,26.274,26.297,26.23,23.42,30300,20.857828
2013-12-11,26.23,26.286,26.23,23.41,2700,20.848925
2013-12-12,26.241,26.342,26.241,23.4,14400,20.840017
2013-12-13,26.172,26.172,26.072,23.309999,24800,20.83197
2013-12-16,26.083,26.139,26.083,23.34,20800,20.858784
2013-12-17,26.128,26.161,26.105,23.379999,4800,20.894526
2013-12-18,26.128,26.228,26.049,23.370001,22800,20.885593
2013-12-19,26.172,26.206,26.128,23.35,8200,20.867718
2013-12-20,26.217,26.217,26.172,23.389999,19500,20.903463
2013-12-23,26.083,26.083,25.971,23.24,19300,20.769409
2013-12-24,25.971,26.038,25.971,23.219999,10300,20.751535
2013-12-26,25.971,26.049,25.971,23.280001,6600,20.805161
2013-12-27,26.049,26.049,25.993,23.26,8600,20.787287
2013-12-30,25.926,26.06,25.904,23.24,27800,20.769409
2013-12-31,25.971,26.038,25.937,23.18,10200,20.715786
2014-01-02,25.993,26.06,25.982,23.26,9300,20.787287
2014-01-03,26.083,26.083,26.016,23.27,5800,20.796219
2014-01-06,26.083,26.083,26.004,23.280001,30700,20.805161
2014-01-07,26.038,26.105,26.038,23.33,12500,20.849844
2014-01-08,26.161,26.184,26.105,23.389999,27100,20.903463
2014-01-09,26.105,26.284,26.105,23.459999,8200,20.96603
2014-01-10,26.329,26.385,26.329,23.58,8200,21.073263
2014-01-13,26.497,26.497,26.418,23.620001,9600,21.109015
2014-01-14,26.441,26.474,26.43,23.620001,1600,21.109015
2014-01-15,26.27,26.359,26.27,23.57,49800,21.138617
2014-01-16,26.315,26.337,26.303,23.610001,4400,21.174482
2014-01-17,26.337,26.381,26.259,23.65,14200,21.21036
2014-01-21,26.515,26.515,26.404,23.690001,6600,21.246235
2014-01-22,26.404,26.448,26.393,23.709999,8500,21.264164
2014-01-23,26.359,26.538,26.359,23.76,24300,21.309013
2014-01-24,26.482,26.638,26.482,23.82,15700,21.362825
2014-01-27,26.649,26.649,26.493,23.76,40900,21.309013
2014-01-28,26.515,26.616,26.515,23.790001,23100,21.335926
2014-01-29,26.638,26.649,26.504,23.85,26500,21.389729
2014-01-30,26.649,26.671,26.571,23.9,6000,21.43457
2014-01-31,26.538,26.627,26.526,23.799999,13200,21.344885
2014-02-03,26.593,26.705,26.549,23.85,21000,21.389729
2014-02-04,26.56,26.638,26.493,23.76,7500,21.309013
2014-02-05,26.504,26.627,26.504,23.809999,29200,21.353853
2014-02-06,26.56,26.604,26.504,23.860001,22400,21.398695
2014-02-07,26.549,26.649,26.526,23.889999,11700,21.425606
2014-02-10,26.616,26.638,26.515,23.84,25000,21.38076
2014-02-11,26.604,26.738,26.56,23.85,14300,21.389729
2014-02-12,26.538,26.538,26.437,23.73,25900,21.282101
2014-02-13,26.571,26.593,26.515,23.85,38600,21.389729
2014-02-14,26.39,26.412,26.312,23.74,26500,21.365429
2014-02-18,26.378,26.445,26.356,23.74,15400,21.365429
2014-02-19,26.39,26.401,26.367,23.75,9800,21.374428
2014-02-20,26.401,26.423,26.356,23.77,5000,21.392429
2014-02-21,26.467,26.545,26.467,23.889999,2500,21.500425
2014-02-24,26.445,26.545,26.445,23.860001,14800,21.473427
2014-02-25,26.534,26.567,26.512,23.9,5100,21.509422
2014-02-26,26.545,26.623,26.545,23.92,13400,21.527424
2014-02-27,26.612,26.69,26.601,24.01,8200,21.608421
2014-02-28,26.701,26.712,26.656,23.99,10700,21.59042
2014-03-03,26.667,26.778,26.667,24.07,13800,21.662416
2014-03-04,26.745,26.756,26.678,24.030001,6300,21.626425
2014-03-05,26.756,26.823,26.712,24.040001,13600,21.63542
2014-03-06,26.834,26.834,26.701,24.030001,20300,21.626425
2014-03-07,26.645,26.701,26.612,23.950001,9700,21.554424
2014-03-10,26.601,26.701,26.601,24.01,4800,21.608421
2014-03-11,26.69,26.69,26.656,24.02,4600,21.61742
2014-03-12,26.701,26.778,26.701,24.09,7600,21.680416
2014-03-13,26.79,26.879,26.79,24.16,17200,21.743414
2014-03-14,26.73,26.752,26.641,24.120001,11300,21.783155
2014-03-17,26.696,26.752,26.696,24.139999,4800,21.801218
2014-03-18,26.708,26.774,26.696,24.110001,21000,21.77412
2014-03-19,26.774,26.774,26.663,24.08,8100,21.747028
2014-03-20,26.708,26.763,26.696,24.15,6600,21.810246
2014-03-21,26.763,26.818,26.763,24.219999,6100,21.873465
2014-03-24,26.84,26.84,26.685,24.209999,60800,21.864439
2014-03-25,26.752,26.84,26.752,24.209999,2900,21.864439
2014-03-26,26.785,26.785,26.785,24.190001,200,21.846373
2014-03-27,26.874,26.962,26.874,24.33,3500,21.972807
2014-03-28,26.951,26.973,26.94,24.33,2300,21.972807
2014-03-31,26.94,26.973,26.929,24.35,8200,21.990868
2014-04-01,27.007,27.007,26.907,24.309999,28900,21.954746
2014-04-02,26.984,26.984,26.874,24.27,5100,21.918619
2014-04-03,26.962,26.962,26.929,24.32,1300,21.963772
2014-04-04,26.94,27.018,26.94,24.379999,6700,22.017963
2014-04-07,27.04,27.062,27.04,24.440001,5200,22.072147
2014-04-08,27.062,27.117,27.006,24.450001,174400,22.081186
2014-04-09,27.073,27.128,27.062,24.450001,5400,22.081186
2014-04-10,27.062,27.162,27.04,24.49,70100,22.11731
2014-04-11,27.228,27.261,27.029,24.59,68500,22.207626
2014-04-14,27.228,27.317,27.184,24.65,80900,22.261808
2014-04-15,27.058,27.124,27.058,24.57,5100,22.265427
2014-04-16,27.19,27.19,27.102,24.620001,9100,22.31074
2014-04-17,27.234,27.234,27.113,24.58,4600,22.274498
2014-04-21,26.992,27.223,26.992,24.65,9700,22.337927
2014-04-22,27.179,27.201,27.113,24.57,26700,22.265427
2014-04-23,27.146,27.234,27.113,24.68,18100,22.36511
2014-04-24,27.246,27.312,27.201,24.65,17600,22.337927
2014-04-25,27.246,27.345,27.234,24.76,5800,22.437607
2014-04-28,27.422,27.422,27.268,24.74,9900,22.419483
2014-04-29,27.301,27.301,27.246,24.73,9500,22.410421
2014-04-30,27.389,27.4,27.279,24.799999,8900,22.473864
2014-05-01,27.301,27.378,27.29,24.790001,8400,22.4648
2014-05-02,27.389,27.477,27.356,24.85,8200,22.519163
2014-05-05,27.433,27.51,27.345,24.82,72700,22.491978
2014-05-06,27.422,27.466,27.411,24.889999,59500,22.555414
2014-05-07,27.455,27.488,27.422,24.91,7400,22.57354
2014-05-08,27.455,27.499,27.4,24.9,145900,22.564476
2014-05-09,27.378,27.466,27.378,24.889999,17400,22.555414
2014-05-12,27.466,27.466,27.389,24.85,130700,22.519163
2014-05-13,27.488,27.588,27.477,24.959999,149700,22.618851
2014-05-14,27.588,27.654,27.566,25.059999,86000,22.709475
2014-05-15,27.495,27.517,27.44,25.02,72400,22.749477
2014-05-16,27.44,27.506,27.363,25.01,137800,22.740381
2014-05-19,27.605,27.605,27.517,25.02,125000,22.749477
2014-05-20,27.528,27.583,27.528,25.040001,12100,22.767662
2014-05-21,27.539,27.539,27.473,25.030001,65800,22.758568
2014-05-22,27.506,27.539,27.407,25.01,44600,22.740381
2014-05-23,27.473,27.583,27.473,25.049999,12500,22.776754
2014-05-27,27.561,27.561,27.506,25.059999,23000,22.785851
2014-05-28,27.55,27.66,27.528,25.15,8800,22.867682
2014-05-29,27.605,27.605,27.55,25.08,18600,22.804033
2014-05-30,27.528,27.616,27.528,25.1,4000,22.822224
2014-06-02,27.55,27.605,27.495,25.01,30900,22.740381
2014-06-03,27.396,27.55,27.396,25.01,5900,22.740381
2014-06-04,27.495,27.55,27.462,25.01,18500,22.740381
2014-06-05,27.506,27.528,27.495,25.01,6900,22.740381
2014-06-06,27.506,27.539,27.506,25.02,5200,22.749477
2014-06-09,27.517,27.539,27.451,24.959999,9100,22.694923
2014-06-10,27.495,27.517,27.451,24.959999,11300,22.694923
2014-06-11,27.473,27.517,27.429,25.02,7000,22.749477
2014-06-12,27.583,27.583,27.341,24.959999,7100,22.694923
2014-06-13,27.315,27.326,27.271,24.93,2200,22.74419
2014-06-16,27.381,27.414,27.348,25.01,24200,22.817169
2014-06-17,27.348,27.414,27.326,24.940001,10400,22.753309
2014-06-18,27.403,27.403,27.359,24.969999,4200,22.780678
2014-06-19,27.392,27.534,27.359,25.049999,8200,22.853666
2014-06-20,27.392,27.425,27.359,24.99,10300,22.798927
2014-06-23,27.392,27.468,27.392,25.040001,13200,22.844545
2014-06-24,27.468,27.534,27.414,25.030001,10100,22.835421
2014-06-25,27.523,27.523,27.457,25.1,3600,22.899284
2014-06-26,27.545,27.589,27.545,25.15,1700,22.944901
2014-06-27,27.403,27.556,27.403,25.040001,12600,22.844545
2014-06-30,27.567,27.567,27.37,25.08,21600,22.881041
2014-07-01,27.403,27.556,27.403,25.030001,11100,22.835421
2014-07-02,27.556,27.6,27.425,25.16,33900,22.95402
2014-07-03,27.556,27.578,27.403,25.030001,31000,22.835421
2014-07-07,27.457,27.633,27.457,25.18,23000,22.972265
2014-07-08,27.556,27.556,27.479,25.07,3300,22.871912
2014-07-09,27.468,27.479,27.337,25.049999,5000,22.853666
2014-07-10,27.37,27.479,27.315,25,100200,22.808048
2014-07-11,27.479,27.479,27.381,25.01,6000,22.817169
2014-07-14,27.37,27.457,27.348,24.98,24800,22.789801
2014-07-15,27.332,27.332,27.201,24.91,31800,22.802622
2014-07-16,27.234,27.332,27.125,24.85,32300,22.747698
2014-07-17,27.168,27.321,27.168,24.93,8600,22.820929
2014-07-18,27.31,27.321,27.179,24.98,5700,22.866703
2014-07-21,27.278,27.289,27.201,24.91,21900,22.802622
2014-07-22,27.201,27.3,27.201,24.99,6500,22.875854
2014-07-23,27.267,27.474,27.267,24.98,15500,22.866703
2014-07-24,27.332,27.376,27.332,25.049999,2100,22.930777
2014-07-25,27.332,27.474,27.332,25.15,19800,23.022316
2014-07-28,27.442,27.474,27.409,25.1,5000,22.976545
2014-07-29,27.507,27.573,27.442,25.15,9700,23.022316
2014-07-30,27.54,27.54,27.409,25.139999,6000,23.013161
2014-07-31,27.321,27.518,27.321,25.110001,2800,22.985703
2014-08-01,27.518,27.562,27.354,25.23,15600,23.095549
2014-08-04,27.529,27.573,27.529,25.23,11100,23.095549
2014-08-05,27.562,27.562,27.54,25.209999,7000,23.07724
2014-08-06,27.573,27.616,27.551,25.280001,8300,23.141315
2014-08-07,27.529,27.594,27.518,25.26,8400,23.123014
2014-08-08,27.616,27.682,27.616,25.34,25500,23.196239
2014-08-11,27.78,27.78,27.638,25.309999,28400,23.168781
2014-08-12,27.649,27.66,27.616,25.290001,12500,23.150475
2014-08-13,27.704,27.715,27.616,25.360001,3800,23.214552
2014-08-14,27.802,27.802,27.704,25.389999,28500,23.242016
2014-08-15,27.591,27.733,27.58,25.440001,15600,23.364161
2014-08-18,27.613,27.624,27.559,25.370001,27800,23.29987
2014-08-19,27.646,27.689,27.559,25.34,28500,23.27232
2014-08-20,27.537,27.755,27.472,25.34,17000,23.27232
2014-08-21,27.635,27.668,27.635,25.4,6400,23.327427
2014-08-22,27.733,27.744,27.591,25.469999,11100,23.391712
2014-08-25,27.776,27.776,27.646,25.4,13200,23.327427
2014-08-26,27.668,27.733,27.657,25.43,6900,23.354977
2014-08-27,27.689,27.776,27.689,25.450001,5800,23.373344
2014-08-28,27.657,27.744,27.657,25.459999,3600,23.382532
2014-08-29,27.744,27.766,27.689,25.459999,9700,23.382532
2014-09-02,27.591,27.766,27.591,25.5,29500,23.419264
2014-09-03,27.733,27.766,27.591,25.459999,23600,23.382532
2014-09-04,27.591,27.722,27.591,25.34,6500,23.27232
2014-09-05,27.776,27.776,27.7,25.49,19700,23.410078
2014-09-08,27.766,27.776,27.646,25.389999,42000,23.318243
2014-09-09,27.657,27.711,27.657,25.440001,14500,23.364161
2014-09-10,27.798,27.798,27.657,25.41,14500,23.336611
2014-09-11,27.766,27.766,27.657,25.4,4600,23.327427
2014-09-12,27.668,27.668,27.635,25.379999,1100,23.309048
2014-09-15,27.679,27.679,27.495,25.33,10400,23.335772
2014-09-16,27.495,27.603,27.495,25.35,6200,23.354198
2014-09-17,27.571,27.571,27.473,25.32,29900,23.326559
2014-09-18,27.495,27.614,27.495,25.379999,12600,23.381836
2014-09-19,27.495,27.657,27.495,25.4,9000,23.400263
2014-09-22,27.712,27.712,27.527,25.360001,25500,23.363409
2014-09-23,27.603,27.647,27.527,25.469999,4800,23.46475
2014-09-24,27.592,27.647,27.571,25.440001,4800,23.437115
2014-09-25,27.701,27.712,27.603,25.51,4400,23.501602
2014-09-26,27.592,27.712,27.592,25.530001,10400,23.520025
2014-09-29,27.625,27.723,27.571,25.4,8400,23.400263
2014-09-30,27.636,27.712,27.636,25.51,9100,23.501602
2014-10-01,27.636,27.842,27.636,25.540001,3700,23.529234
2014-10-02,27.712,27.766,27.679,25.549999,8600,23.53845
2014-10-03,27.744,27.885,27.712,25.6,224500,23.584517
2014-10-06,27.766,27.809,27.755,25.6,9200,23.584517
2014-10-07,27.755,27.875,27.755,25.639999,10400,23.621368
2014-10-08,27.875,27.875,27.809,25.66,17900,23.639786
2014-10-09,27.864,27.885,27.831,25.639999,8100,23.621368
2014-10-10,27.875,27.972,27.875,25.74,9500,23.713493
2014-10-13,27.972,28.048,27.951,25.780001,10500,23.750343
2014-10-14,29.253,29.253,28.005,25.85,11200,23.814838
2014-10-15,27.886,28.048,27.875,25.83,36500,23.870279
2014-10-16,27.983,28.016,27.832,25.75,16100,23.79635
2014-10-17,27.745,27.864,27.734,25.74,16000,23.787111
2014-10-20,27.94,27.94,27.821,25.73,11500,23.777864
2014-10-21,27.68,27.886,27.626,25.65,25600,23.703934
2014-10-22,27.691,27.756,27.637,25.6,5300,23.657734
2014-10-23,27.637,27.756,27.637,25.629999,16100,23.685453
2014-10-24,27.777,27.777,27.702,25.66,7500,23.713177
2014-10-27,27.777,27.864,27.626,25.610001,19900,23.666977
2014-10-28,27.713,27.788,27.615,25.65,15500,23.703934
2014-10-29,27.777,27.918,27.777,25.790001,17600,23.833317
2014-10-30,27.799,27.853,27.485,25.74,14300,23.787111
2014-10-31,27.702,27.853,27.604,25.629999,9700,23.685453
2014-11-03,27.604,27.756,27.604,25.59,9500,23.648485
2014-11-04,27.615,27.691,27.615,25.57,19000,23.630007
2014-11-05,27.723,27.767,27.637,25.66,9400,23.713177
2014-11-06,27.626,27.691,27.507,25.42,14900,23.49139
2014-11-07,27.626,27.821,27.594,25.59,13900,23.648485
2014-11-10,27.648,27.734,27.507,25.440001,25600,23.509871
2014-11-11,27.68,27.777,27.518,25.469999,32100,23.537594
2014-11-12,27.572,27.81,27.539,25.57,3200,23.630007
2014-11-13,27.583,27.68,27.539,25.530001,9500,23.59304
2014-11-14,27.465,27.53,27.379,25.43,15000,23.573578
2014-11-17,27.433,27.443,27.368,25.42,4200,23.56431
2014-11-18,27.465,27.594,27.465,25.530001,11400,23.666283
2014-11-19,27.422,27.562,27.389,25.450001,33000,23.592112
2014-11-20,27.443,27.508,27.443,25.469999,9500,23.610655
2014-11-21,27.508,27.551,27.465,25.459999,23000,23.601387
2014-11-24,27.53,27.594,27.433,25.5,14900,23.638464
2014-11-25,27.562,27.562,27.53,25.530001,3300,23.666283
2014-11-26,27.53,27.594,27.53,25.57,8300,23.70335
2014-11-28,27.616,27.627,27.573,25.610001,9400,23.740433
2014-12-01,27.551,27.713,27.508,25.629999,52000,23.758972
2014-12-02,27.605,27.659,27.573,25.57,11800,23.70335
2014-12-03,27.584,27.648,27.584,25.620001,5200,23.749704
2014-12-04,27.67,27.713,27.562,25.66,21800,23.786781
2014-12-05,27.681,27.681,27.551,25.57,13300,23.70335
2014-12-08,27.648,27.724,27.54,25.549999,21900,23.684813
2014-12-09,27.702,27.789,27.573,25.559999,16600,23.694082
2014-12-10,27.67,27.789,27.67,25.76,14900,23.879488
2014-12-11,27.745,27.799,27.702,25.74,7700,23.860945
2014-12-12,27.692,27.799,27.692,25.76,9400,23.879488
2014-12-15,27.526,27.655,27.526,25.639999,5800,23.836716
2014-12-16,27.569,27.72,27.526,25.73,312600,23.920387
2014-12-17,27.526,27.784,27.526,25.59,13400,23.790234
2014-12-18,27.644,27.644,27.494,25.68,13000,23.873905
2014-12-19,27.461,27.612,27.461,25.6,7500,23.799532
2014-12-22,27.483,27.633,27.483,25.639999,5300,23.836716
2014-12-23,27.537,27.612,27.526,25.59,12600,23.790234
2014-12-24,27.601,27.633,27.515,25.690001,43800,23.883204
2014-12-26,27.504,27.633,27.461,25.690001,15200,23.883204
2014-12-29,27.515,27.655,27.515,25.709999,11700,23.901793
2014-12-30,27.58,27.655,27.494,25.709999,10700,23.901793
2014-12-31,27.655,27.73,27.644,25.77,4800,23.957573
2015-01-02,27.752,27.892,27.655,25.889999,7400,24.069132
2015-01-05,27.698,27.902,27.698,25.9,12400,24.078432
2015-01-06,27.881,28.031,27.827,25.950001,18400,24.12491
2015-01-07,27.935,28.042,27.816,26,21500,24.171398
2015-01-08,27.956,27.988,27.892,25.950001,13200,24.12491
2015-01-09,27.795,28.031,27.795,26,4400,24.171398
2015-01-12,27.913,28.01,27.913,26.02,14700,24.189991
2015-01-13,27.999,27.999,27.816,25.860001,91300,24.041245
2015-01-14,27.945,28.096,27.945,26.059999,23400,24.227179
2015-01-15,27.886,27.983,27.886,26.07,15300,24.306433
2015-01-16,27.876,27.94,27.876,26.049999,33200,24.287783
2015-01-20,27.951,27.972,27.801,25.969999,32600,24.21319
2015-01-21,27.854,27.962,27.801,25.969999,13300,24.21319
2015-01-22,27.876,27.876,27.693,25.98,59200,24.222515
2015-01-23,27.886,27.94,27.758,25.98,85000,24.222515
2015-01-26,27.844,27.962,27.768,26.01,46600,24.25049
2015-01-27,27.919,27.983,27.779,25.940001,152800,24.185223
2015-01-28,27.865,27.994,27.854,26.1,50300,24.334404
2015-01-29,27.962,28.026,27.779,26.059999,34500,24.297106
2015-01-30,28.047,28.047,27.962,26.110001,3000,24.343723
2015-02-02,27.897,28.101,27.897,26.18,111600,24.408985
2015-02-03,28.08,28.08,27.962,26.129999,48500,24.362362
2015-02-04,27.865,28.015,27.865,26.110001,94700,24.343723
2015-02-05,28.047,28.047,27.929,26.07,219600,24.306433
2015-02-06,27.929,27.962,27.79,25.940001,21500,24.185223
2015-02-09,27.822,27.908,27.758,25.950001,11900,24.194551
2015-02-10,27.79,27.79,27.683,25.82,11800,24.073341
2015-02-11,27.704,27.768,27.479,25.790001,21600,24.045376
2015-02-12,27.758,27.758,27.575,25.809999,39300,24.064016
2015-02-13,27.506,27.602,27.452,25.67,21900,24.003239
2015-02-17,27.57,27.57,27.399,25.719999,19600,24.049994
2015-02-18,27.517,27.517,27.388,25.67,8300,24.003239
2015-02-19,27.431,27.506,27.431,25.719999,19900,24.049994
2015-02-20,27.527,27.538,27.452,25.67,20500,24.003239
2015-02-23,27.506,27.602,27.506,25.799999,27500,24.124792
2015-02-24,27.581,27.592,27.538,25.77,39700,24.096745
2015-02-25,27.592,27.592,27.538,25.790001,11300,24.11545
2015-02-26,27.559,27.581,27.527,25.77,23500,24.096745
2015-02-27,27.592,27.677,27.57,25.83,33600,24.152851
2015-03-02,27.677,27.677,27.388,25.67,31600,24.003239
2015-03-03,27.538,27.538,27.463,25.719999,18400,24.049994
2015-03-04,27.517,27.517,27.442,25.709999,12600,24.040636
2015-03-05,27.431,27.527,27.431,25.719999,9000,24.049994
2015-03-06,27.495,27.495,27.249,25.52,26200,23.86298
2015-03-09,27.388,27.388,27.292,25.549999,6200,23.891029
2015-03-10,27.303,27.388,27.281,25.6,29300,23.937784
2015-03-11,27.292,27.474,27.26,25.690001,23400,24.021936
2015-03-12,27.388,27.506,27.388,25.620001,4700,23.956486
2015-03-13,27.321,27.342,27.321,25.629999,9300,24.034317
2015-03-16,27.342,27.406,27.257,25.59,10100,23.996811
2015-03-17,27.396,27.417,27.3,25.709999,15800,24.109333
2015-03-18,27.406,27.513,27.406,25.709999,21400,24.109333
2015-03-19,27.428,27.566,27.428,25.77,21200,24.1656
2015-03-20,27.566,27.598,27.47,25.85,17700,24.240622
2015-03-23,27.524,27.577,27.449,25.860001,8000,24.249996
2015-03-24,27.428,27.577,27.417,25.860001,234000,24.249996
2015-03-25,27.598,27.598,27.481,25.77,8000,24.1656
2015-03-26,27.556,27.556,27.481,25.780001,13200,24.174974
2015-03-27,27.47,27.588,27.47,25.82,20100,24.212486
2015-03-30,27.545,27.545,27.481,25.799999,8100,24.193731
2015-03-31,27.364,27.492,27.364,25.73,15900,24.12809
2015-04-01,27.513,27.534,27.438,25.799999,11200,24.193731
2015-04-02,27.47,27.502,27.406,25.74,10700,24.13747
2015-04-06,27.545,27.566,27.438,25.77,33500,24.1656
2015-04-07,27.481,27.492,27.406,25.780001,7300,24.174974
2015-04-08,27.492,27.513,27.406,25.73,52700,24.12809
2015-04-09,27.428,27.492,27.374,25.73,26000,24.12809
2015-04-10,27.417,27.492,27.417,25.75,33700,24.146847
2015-04-13,27.492,27.513,27.449,25.799999,20400,24.193731
2015-04-14,27.556,27.556,27.502,25.790001,11300,24.184355
2015-04-15,27.353,27.385,27.321,25.75,15000,24.212564
2015-04-16,27.321,27.374,27.321,25.73,15100,24.193756
2015-04-17,27.289,27.364,27.289,25.719999,6100,24.184353
2015-04-20,27.364,27.417,27.268,25.709999,18000,24.174948
2015-04-21,27.321,27.343,27.183,25.6,38100,24.071522
2015-04-22,27.236,27.289,27.172,25.549999,5900,24.024509
2015-04-23,27.162,27.247,27.162,25.549999,5100,24.024509
2015-04-24,27.226,27.279,27.226,25.65,4700,24.118532
2015-04-27,27.226,27.311,27.226,25.65,12900,24.118532
2015-04-28,27.226,27.279,27.151,25.6,28900,24.071522
2015-04-29,27.226,27.226,27.109,25.549999,10400,24.024509
2015-04-30,27.162,27.162,27.109,25.49,10500,23.968092
2015-05-01,27.098,27.13,26.97,25.43,6200,23.911671
2015-05-04,27.034,27.119,26.96,25.48,16400,23.958689
2015-05-05,27.087,27.098,27.013,25.48,13300,23.958689
2015-05-06,27.077,27.077,26.917,25.35,6500,23.836449
2015-05-07,26.928,27.013,26.928,25.4,11500,23.883457
2015-05-08,26.97,27.045,26.97,25.41,12600,23.892866
2015-05-11,26.981,27.034,26.896,25.309999,27800,23.798828
2015-05-12,26.981,26.981,26.896,25.309999,12400,23.798828
2015-05-13,26.875,26.949,26.768,25.18,48800,23.6766
2015-05-14,26.875,26.906,26.779,25.18,12200,23.6766
2015-05-15,26.716,26.759,26.674,25.190001,5700,23.751083
2015-05-18,26.759,26.759,26.621,25.120001,13200,23.685083
2015-05-19,26.631,26.705,26.589,25.129999,5600,23.694513
2015-05-20,26.663,26.695,26.631,25.16,13000,23.722797
2015-05-21,26.631,26.684,26.631,25.139999,5300,23.703938
2015-05-22,26.631,26.674,26.621,25.120001,5700,23.685083
2015-05-26,26.642,26.727,26.642,25.190001,6100,23.751083
2015-05-27,26.716,26.79,26.695,25.26,19600,23.817087
2015-05-28,26.79,26.865,26.737,25.33,8700,23.883087
2015-05-29,26.865,26.918,26.865,25.360001,76300,23.911381
2015-06-01,26.918,26.918,26.748,25.280001,25600,23.835947
2015-06-02,26.79,26.822,26.684,25.17,31700,23.732227
2015-06-03,26.674,26.78,26.621,25.25,36500,23.807653
2015-06-04,26.684,26.801,26.642,25.25,15700,23.807653
2015-06-05,26.663,26.663,26.578,25.08,15100,23.647373
2015-06-08,26.663,26.769,26.663,25.23,42000,23.788794
2015-06-09,26.695,26.695,26.599,25.08,38500,23.647373
2015-06-10,26.642,26.642,26.536,25.040001,13600,23.609657
2015-06-11,26.568,26.631,26.568,25.09,17600,23.656797
2015-06-12,26.599,26.695,26.599,25.17,10200,23.732227
2015-06-15,26.625,26.625,26.53,25.120001,23500,23.747353
2015-06-16,26.561,26.593,26.551,25.110001,5100,23.737896
2015-06-17,26.614,26.614,26.551,25.110001,3400,23.737896
2015-06-18,26.519,26.572,26.487,25.1,22500,23.728445
2015-06-19,26.572,26.583,26.551,25.110001,9000,23.737896
2015-06-22,26.561,26.561,26.519,25.08,5800,23.709534
2015-06-23,26.466,26.53,26.466,25.040001,37500,23.671721
2015-06-24,26.53,26.572,26.487,25.1,27300,23.728445
2015-06-25,26.509,26.561,26.509,25.09,8900,23.718994
2015-06-26,26.53,26.54,26.477,25.040001,11500,23.671721
2015-06-29,26.561,26.583,26.54,25.129999,11900,23.7568
2015-06-30,26.53,26.54,26.487,25.049999,23200,23.681179
2015-07-01,26.466,26.509,26.466,25.059999,16200,23.690632
2015-07-02,26.466,26.519,26.466,25.059999,101500,23.690632
2015-07-06,26.509,26.583,26.509,25.1,7100,23.728445
2015-07-07,26.646,26.646,26.561,25.120001,15300,23.747353
2015-07-08,26.604,26.667,26.593,25.209999,20900,23.832432
2015-07-09,26.614,26.614,26.604,25.15,1800,23.775713
2015-07-10,26.583,26.583,26.551,25.1,3200,23.728445
2015-07-13,26.477,26.551,26.477,25.09,15100,23.718994
2015-07-14,26.509,26.583,26.509,25.08,22800,23.709534
2015-07-15,26.367,26.399,26.356,25.02,15600,23.713326
2015-07-16,26.378,26.483,26.378,25.049999,3500,23.741766
2015-07-17,26.451,26.494,26.43,25.09,3500,23.779671
2015-07-20,26.483,26.536,26.441,25.129999,9200,23.817585
2015-07-21,26.451,26.546,26.451,25.1,15800,23.789152
2015-07-22,26.483,26.599,26.483,25.18,18800,23.864975
2015-07-23,26.536,26.641,26.536,25.25,6600,23.93132
2015-07-24,26.567,26.61,26.567,25.209999,1800,23.893408
2015-07-27,26.61,26.726,26.61,25.33,9800,24.007141
2015-07-28,26.673,26.705,26.631,25.299999,3100,23.97871
2015-07-29,26.631,26.684,26.578,25.290001,19800,23.969231
2015-07-30,26.641,26.684,26.599,25.290001,17900,23.969231
2015-07-31,26.8,26.8,26.662,25.33,3100,24.007141
2015-08-03,26.715,26.8,26.715,25.370001,13000,24.045053
2015-08-04,26.757,26.779,26.757,25.379999,4700,24.054529
2015-08-05,26.747,26.779,26.726,25.360001,10000,24.035572
2015-08-06,26.715,26.779,26.694,25.32,41900,23.997663
2015-08-07,26.673,26.789,26.673,25.379999,4400,24.054529
2015-08-10,26.694,26.821,26.694,25.4,15600,24.073481
2015-08-11,26.81,26.884,26.81,25.48,7600,24.149303
2015-08-12,26.937,26.947,26.81,25.5,14000,24.168262
2015-08-13,26.979,26.979,26.842,25.51,7500,24.17774
2015-08-14,26.763,26.784,26.731,25.450001,111400,24.182491
2015-08-17,26.794,26.794,26.742,25.450001,4100,24.182491
2015-08-18,26.773,26.826,26.731,25.41,16300,24.144487
2015-08-19,26.752,26.816,26.742,25.440001,32200,24.172989
2015-08-20,26.773,26.805,26.742,25.469999,6000,24.201492
2015-08-21,26.742,26.847,26.742,25.48,18600,24.210997
2015-08-24,26.731,26.784,26.731,25.41,10900,24.144487
2015-08-25,26.731,26.805,26.595,25.4,20700,24.134983
2015-08-26,26.784,26.784,26.689,25.4,6000,24.134983
2015-08-27,26.763,26.763,26.573,25.26,5400,24.001957
2015-08-28,26.584,26.616,26.584,25.290001,2100,24.030457
2015-08-31,26.573,26.731,26.573,25.370001,10700,24.106474
2015-09-01,26.763,26.763,26.679,25.43,8100,24.16349
2015-09-02,26.616,26.626,26.468,25.219999,13500,23.963945
2015-09-03,26.7,26.7,26.51,25.280001,3700,24.020958
2015-09-04,26.7,26.7,26.51,25.190001,5700,23.935436
2015-09-08,26.637,26.668,26.637,25.34,6100,24.077969
2015-09-09,26.584,26.658,26.584,25.290001,3500,24.030457
2015-09-10,26.679,26.689,26.573,25.32,7400,24.058969
2015-09-11,26.668,26.668,26.637,25.33,4200,24.068462
2015-09-14,26.679,26.679,26.584,25.26,12700,24.001957
2015-09-15,26.53,26.53,26.404,25.200001,8000,24.002907
2015-09-16,26.425,26.457,26.394,25.190001,5100,23.993382
2015-09-17,26.488,26.562,26.394,25.290001,218800,24.088631
2015-09-18,26.583,26.635,26.478,25.360001,15400,24.155308
2015-09-21,26.415,26.593,26.415,25.190001,7600,23.993382
2015-09-22,26.614,26.667,26.551,25.389999,30000,24.183882
2015-09-23,26.572,26.656,26.572,25.309999,5400,24.107681
2015-09-24,26.625,26.625,26.593,25.35,1800,24.145777
2015-09-25,26.646,26.698,26.583,25.32,26800,24.117207
2015-09-28,26.593,26.719,26.583,25.32,23200,24.117207
2015-09-29,26.74,26.74,26.53,25.389999,6300,24.183882
2015-09-30,26.761,26.782,26.583,25.379999,5700,24.174355
2015-10-01,26.488,26.74,26.488,25.42,37800,24.212452
2015-10-02,26.667,26.74,26.646,25.440001,4300,24.231508
2015-10-05,26.751,26.751,26.614,25.450001,12300,24.241032
2015-10-06,26.688,26.709,26.688,25.42,12800,24.212452
2015-10-07,26.688,26.688,26.646,25.41,2300,24.202925
2015-10-08,26.688,26.688,26.604,25.389999,10700,24.183882
2015-10-09,26.656,26.772,26.614,25.389999,14800,24.183882
2015-10-12,26.667,26.814,26.667,25.41,15700,24.202925
2015-10-13,26.824,26.824,26.667,25.51,8200,24.298182
2015-10-14,26.803,26.866,26.656,25.549999,15100,24.336281
2015-10-15,26.644,26.749,26.581,25.43,7300,24.280901
2015-10-16,26.581,26.654,26.581,25.450001,7400,24.299995
2015-10-19,26.623,26.654,26.623,25.43,2900,24.280901
2015-10-20,26.654,26.654,26.602,25.4,8800,24.252256
2015-10-21,26.633,26.791,26.623,25.469999,13300,24.319096
2015-10-22,26.686,26.759,26.665,25.5,11400,24.347738
2015-10-23,26.633,26.675,26.633,25.469999,25200,24.319096
2015-10-26,26.686,26.686,26.644,25.469999,9600,24.319096
2015-10-27,26.707,26.717,26.675,25.5,17400,24.347738
2015-10-28,26.717,26.738,26.675,25.48,22500,24.328644
2015-10-29,26.707,26.707,26.665,25.48,27500,24.328644
2015-10-30,26.717,26.717,26.654,25.5,15300,24.347738
2015-11-02,26.654,26.696,26.654,25.49,17600,24.338188
2015-11-03,26.707,26.707,26.665,25.469999,15200,24.319096
2015-11-04,26.686,26.696,26.654,25.48,14200,24.328644
2015-11-05,26.665,26.696,26.665,25.48,11300,24.328644
2015-11-06,26.644,26.654,26.602,25.440001,18100,24.290451
2015-11-09,26.675,26.675,26.623,25.450001,46800,24.299995
2015-11-10,26.518,26.665,26.414,25.450001,49200,24.299995
2015-11-11,26.633,26.665,26.55,25.459999,10100,24.309542
2015-11-12,26.665,26.686,26.654,25.469999,15600,24.319096
2015-11-13,26.413,26.559,26.277,25.43,15500,24.348776
2015-11-16,26.528,26.622,26.528,25.43,77300,24.348776
2015-11-17,26.591,26.632,26.497,25.440001,18400,24.358351
2015-11-18,26.632,26.653,26.591,25.5,50100,24.4158
2015-11-19,26.611,26.685,26.611,25.540001,18300,24.454102
2015-11-20,26.705,26.737,26.591,25.540001,9000,24.454102
2015-11-23,26.705,26.737,26.622,25.58,6900,24.492399
2015-11-24,26.82,26.82,26.538,25.530001,13600,24.444527
2015-11-25,26.747,26.862,26.664,25.610001,9200,24.521118
2015-11-27,26.841,26.841,26.779,25.639999,700,24.549849
2015-11-30,26.789,26.799,26.726,25.6,6600,24.511551
2015-12-01,26.841,26.841,26.747,25.700001,20300,24.607298
2015-12-02,26.82,26.852,26.758,25.68,16000,24.58815
2015-12-03,26.779,26.82,26.705,25.66,10000,24.568996
2015-12-04,26.81,26.852,26.726,25.700001,12800,24.607298
2015-12-07,26.852,26.852,26.674,25.620001,6100,24.530699
2015-12-08,26.852,26.852,26.695,25.709999,25500,24.616871
2015-12-09,26.831,27.029,26.831,25.690001,14600,24.597723
2015-12-10,26.914,26.998,26.81,25.719999,4200,24.626448
2015-12-11,26.967,27.175,26.946,25.969999,9900,24.865816
2015-12-14,27.092,27.092,26.873,25.870001,31700,24.770071
2015-12-15,26.915,26.915,26.822,25.84,6400,24.807507
2015-12-16,26.79,26.874,26.728,25.709999,6200,24.682703
2015-12-17,26.915,26.957,26.832,25.790001,15900,24.759508
2015-12-18,26.957,26.957,26.895,25.84,10700,24.807507
2015-12-21,26.843,26.947,26.843,25.84,4800,24.807507
2015-12-22,26.978,26.978,26.77,25.75,23500,24.721106
2015-12-23,26.884,26.926,26.884,25.85,3400,24.817108
2015-12-24,26.905,26.957,26.79,25.879999,1500,24.845909
2015-12-28,27.009,27.009,26.936,25.860001,5800,24.826708
2015-12-29,26.947,26.947,26.78,25.799999,13500,24.76911
2015-12-30,26.853,26.978,26.853,25.889999,7200,24.855515
2015-12-31,26.999,26.999,26.884,25.879999,5800,24.845909
2016-01-04,26.999,26.999,26.905,25.91,10200,24.874712
2016-01-05,26.999,27.082,26.999,25.98,29300,24.941914
2016-01-06,27.082,27.249,26.905,26.08,21100,25.03792
2016-01-07,27.249,27.249,26.978,26.08,16100,25.03792
2016-01-08,27.238,27.238,27.103,26.07,4200,25.028316
2016-01-11,27.228,27.228,27.093,26.01,12900,24.970722
2016-01-12,27.218,27.218,27.082,26.1,10400,25.057119
2016-01-13,27.072,27.165,27.072,26.049999,15600,25.009117
2016-01-14,27.082,27.249,27.082,26.139999,7900,25.095522
2016-01-15,27.126,27.126,27.001,26.040001,17000,25.064722
2016-01-19,27.084,27.084,27.001,26,15100,25.026218
2016-01-20,27.168,27.199,27.053,26.110001,17600,25.132097
2016-01-21,27.126,27.136,27.012,26.049999,6800,25.074345
2016-01-22,27.126,27.178,26.939,25.99,19300,25.016594
2016-01-25,27.147,27.199,27.032,26.02,22500,25.045469
2016-01-26,27.105,27.147,27.012,26.129999,14400,25.151344
2016-01-27,27.147,27.188,26.991,26,16600,25.026218
2016-01-28,26.918,27.116,26.918,26.030001,22200,25.055098
2016-01-29,27.116,27.157,26.96,26.07,7000,25.093599
2016-02-01,27.095,27.219,26.929,25.92,42300,24.949215
2016-02-02,27.126,27.209,27.001,25.99,15600,25.016594
2016-02-03,27.053,27.209,26.96,26.01,12700,25.035847
2016-02-04,27.064,27.168,26.97,26.09,5400,25.11285
2016-02-05,27.157,27.157,26.991,26.07,96300,25.093599
2016-02-08,27.032,27.178,27.032,26.139999,24900,25.160975
2016-02-09,27.043,27.178,27.022,26.08,10900,25.103222
2016-02-10,27.209,27.219,27.084,26.08,5200,25.103222
2016-02-11,27.095,27.334,27.064,26.1,21000,25.122473
2016-02-12,27.118,27.16,27.005,26.1,6800,25.18713
2016-02-16,27.129,27.212,27.015,26.09,18000,25.177483
2016-02-17,27.025,27.15,26.88,26.1,7900,25.18713
2016-02-18,26.87,27.118,26.87,26.09,18100,25.177483
2016-02-19,27.025,27.025,26.922,25.99,10000,25.08098
2016-02-22,27.005,27.139,26.88,25.969999,13200,25.061676
2016-02-23,26.87,26.953,26.87,26.01,21300,25.100279
2016-02-24,26.984,27.129,26.891,25.950001,4500,25.042379
2016-02-25,26.88,27.139,26.87,26.07,28400,25.15818
2016-02-26,26.942,27.077,26.88,25.940001,7800,25.032728
2016-02-29,26.818,27.036,26.818,26.049999,11300,25.138878
2016-03-01,26.973,26.994,26.859,25.959999,15700,25.052027
2016-03-02,27.046,27.046,26.839,25.950001,19800,25.042379
2016-03-03,26.973,26.973,26.891,25.99,15800,25.08098
2016-03-04,26.953,26.994,26.891,25.969999,7800,25.061676
2016-03-07,26.818,26.942,26.818,25.950001,16200,25.042379
2016-03-08,26.87,27.067,26.818,26.120001,68900,25.206429
2016-03-09,26.849,27.036,26.849,26.01,5300,25.100279
2016-03-10,26.849,27.056,26.849,25.99,18700,25.08098
2016-03-11,26.984,27.067,26.901,25.959999,10700,25.052027
2016-03-14,27.015,27.098,26.849,26.030001,30600,25.119581
2016-03-15,26.801,26.801,26.697,25.83,10300,24.990904
2016-03-16,26.697,26.821,26.697,25.92,13100,25.077976
2016-03-17,26.811,26.987,26.811,26.08,16700,25.232779
2016-03-18,26.78,26.904,26.78,25.92,9500,25.077976
2016-03-21,26.759,26.873,26.759,25.9,75800,25.058624
2016-03-22,26.873,26.945,26.79,25.98,20200,25.136026
2016-03-23,26.842,26.976,26.801,26.09,16000,25.242456
2016-03-24,27.08,27.1,26.801,25.93,22000,25.087656
2016-03-28,26.821,27.038,26.821,26.02,17900,25.174726
2016-03-29,26.935,27.018,26.821,25.99,19300,25.1457
2016-03-30,27.1,27.1,26.821,26.040001,18000,25.194078
2016-03-31,26.997,27.069,26.873,26.18,33800,25.329533
2016-04-01,27.018,27.059,26.883,26.059999,25900,25.213427
2016-04-04,26.966,27.038,26.935,26.120001,5000,25.271482
2016-04-05,27.028,27.255,26.956,26.24,21600,25.387579
2016-04-06,27.142,27.286,27.09,26.219999,36300,25.368229
2016-04-07,27.235,27.266,27.121,26.35,28700,25.494007
2016-04-08,27.245,27.255,27.09,26.34,16800,25.484335
2016-04-11,27.255,27.276,27.162,26.379999,20700,25.523033
2016-04-12,27.183,27.276,27.183,26.360001,26500,25.503679
2016-04-13,27.255,27.348,27.255,26.389999,34000,25.532709
2016-04-14,27.286,27.379,27.235,26.379999,19100,25.523033
2016-04-15,27.176,27.207,27.145,26.370001,5300,25.578325
2016-04-18,27.207,27.217,27.186,26.4,37900,25.607416
2016-04-19,27.186,27.196,27.145,26.360001,10000,25.568623
2016-04-20,27.135,27.207,27.135,26.32,17300,25.529821
2016-04-21,27.217,27.217,27.083,26.309999,31400,25.520123
2016-04-22,27.155,27.166,27.083,26.34,9000,25.549223
2016-04-25,27.145,27.166,27.011,26.27,80400,25.481325
2016-04-26,27.124,27.207,26.959,26.280001,15600,25.491022
2016-04-27,27.042,27.217,27.011,26.309999,26400,25.520123
2016-04-28,27.32,27.32,27.062,26.370001,67800,25.578325
2016-04-29,27.145,27.227,26.99,26.35,63100,25.558922
2016-05-02,27.155,27.31,27.032,26.290001,83700,25.500727
2016-05-03,27.166,27.269,27.032,26.41,62800,25.617117
2016-05-04,28.135,28.135,27.032,26.450001,60600,25.65592
2016-05-05,27.176,27.258,27.155,26.43,31100,25.636522
2016-05-06,27.217,27.351,27.217,26.450001,31900,25.65592
2016-05-09,27.31,27.495,27.124,26.51,43500,25.714121
2016-05-10,27.331,27.485,27.258,26.469999,28400,25.675318
2016-05-11,27.361,27.485,27.279,26.57,45700,25.772312
2016-05-12,27.361,27.382,27.289,26.5,28700,25.704422
2016-05-13,27.242,27.304,27.118,26.42,88900,25.690804
2016-05-16,27.232,27.252,27.108,26.469999,28000,25.739426
2016-05-17,27.139,27.262,27.139,26.51,18000,25.778324
2016-05-18,27.273,27.293,27.098,26.35,48100,25.622744
2016-05-19,27.252,27.252,27.067,26.360001,58200,25.632465
2016-05-20,27.242,27.304,27.098,26.459999,30800,25.7297
2016-05-23,27.16,27.211,27.16,26.41,17000,25.681084
2016-05-24,27.262,27.293,27.149,26.4,31300,25.671358
2016-05-25,27.262,27.273,27.17,26.459999,11600,25.7297
2016-05-26,27.242,27.252,27.149,26.43,32100,25.700531
2016-05-27,27.242,27.304,27.16,26.450001,31800,25.719978
2016-05-31,27.242,27.242,27.149,26.4,8700,25.671358
2016-06-01,27.273,27.273,27.17,26.49,15700,25.758875
2016-06-02,27.273,27.304,27.201,26.51,42200,25.778324
2016-06-03,27.221,27.448,27.221,26.57,31200,25.836664
2016-06-06,27.324,27.365,27.221,26.549999,34400,25.817215
2016-06-07,28.034,28.034,27.293,26.629999,19400,25.895008
2016-06-08,27.252,27.396,27.252,26.620001,59700,25.885284
2016-06-09,27.427,27.53,27.304,26.620001,36900,25.885284
2016-06-10,27.489,27.674,27.468,26.709999,48500,25.972797
2016-06-13,27.468,27.674,27.345,26.91,37800,26.167282
2016-06-14,27.766,27.766,27.509,26.82,34900,26.079767
2016-06-15,27.454,27.505,27.413,26.76,22400,26.083666
2016-06-16,27.515,27.515,27.382,26.790001,22300,26.112906
2016-06-17,27.526,27.526,27.454,26.76,7800,26.083666
2016-06-20,27.495,27.526,27.392,26.77,14900,26.093412
2016-06-21,27.362,27.577,27.362,26.76,33300,26.083666
2016-06-22,27.454,27.515,27.403,26.780001,19200,26.103159
2016-06-23,27.279,27.474,27.279,26.66,24300,25.986193
2016-06-24,27.495,27.731,27.485,26.83,23500,26.151892
2016-06-27,27.567,27.69,27.546,26.91,18400,26.229872
2016-06-28,27.474,27.813,27.474,26.950001,9700,26.268862
2016-06-29,27.628,27.751,27.598,26.950001,8100,26.268862
2016-06-30,27.721,27.762,27.608,26.969999,12800,26.288355
2016-07-01,27.608,27.823,27.608,27,13100,26.317598
2016-07-05,27.813,27.844,27.659,27.030001,154000,26.346842
2016-07-06,27.792,27.803,27.69,27.059999,18300,26.376083
2016-07-07,27.7,27.792,27.7,27.09,41200,26.405325
2016-07-08,27.751,27.895,27.68,27.049999,69700,26.366337
2016-07-11,27.68,27.792,27.598,26.9,34200,26.220127
2016-07-12,27.587,27.741,27.577,27.040001,27100,26.356588
2016-07-13,27.7,27.762,27.659,26.98,22400,26.298101
2016-07-14,27.68,27.68,27.495,26.799999,62200,26.122652
2016-07-15,27.481,27.481,27.338,26.77,45800,26.154896
2016-07-18,27.328,27.461,27.328,26.780001,32400,26.164665
2016-07-19,27.441,27.451,27.4,26.790001,23200,26.174433
2016-07-20,27.502,27.502,27.4,26.790001,32100,26.174433
2016-07-21,27.4,27.4,27.318,26.709999,48400,26.096273
2016-07-22,27.318,27.338,27.256,26.67,20000,26.057194
2016-07-25,27.389,27.451,27.287,26.68,55300,26.066965
2016-07-26,27.307,27.348,27.307,26.719999,14000,26.106043
2016-07-27,27.4,27.4,27.338,26.76,11800,26.145124
2016-07-28,27.379,27.41,27.318,26.690001,48800,26.076733
2016-07-29,27.4,27.4,27.359,26.75,18000,26.135355
2016-08-01,27.441,27.441,27.328,26.780001,25600,26.164665
2016-08-02,27.348,27.441,27.348,26.73,7600,26.115816
2016-08-03,27.41,27.42,27.277,26.73,39200,26.115816
2016-08-04,27.4,27.41,27.369,26.77,8900,26.154896
2016-08-05,27.4,27.42,27.318,26.74,30000,26.125587
2016-08-08,27.389,27.4,27.338,26.75,22400,26.135355
2016-08-09,27.379,27.41,27.369,26.77,20300,26.154896
2016-08-10,27.471,27.533,27.389,26.860001,22200,26.242828
2016-08-11,27.543,27.543,27.43,26.799999,41900,26.184204
2016-08-12,27.481,27.563,27.451,26.870001,1389000,26.2526
2016-08-15,27.42,27.502,27.298,26.780001,81300,26.223219
2016-08-16,27.43,27.451,27.277,26.73,88700,26.174259
2016-08-17,27.42,27.532,27.349,26.85,66100,26.291763
2016-08-18,27.42,27.42,27.298,26.73,56700,26.174259
2016-08-19,27.4,27.512,27.287,26.73,53600,26.174259
2016-08-22,27.359,27.481,27.349,26.84,34100,26.281973
2016-08-23,27.43,27.43,27.369,26.82,20600,26.262388
2016-08-24,27.369,27.441,27.369,26.83,20400,26.272182
2016-08-25,27.42,27.461,27.379,26.85,31400,26.291763
2016-08-26,27.441,27.492,27.349,26.809999,45000,26.252598
2016-08-29,27.461,27.461,27.4,26.860001,50500,26.301558
2016-08-30,27.369,27.471,27.369,26.799999,13200,26.242805
2016-08-31,27.441,27.441,27.4,26.870001,16000,26.311352
2016-09-01,27.369,27.492,27.369,26.870001,21500,26.311352
2016-09-02,27.441,27.441,27.389,26.82,23400,26.262388
2016-09-06,27.42,27.461,27.389,26.870001,45300,26.311352
2016-09-07,27.389,27.451,27.389,26.82,35800,26.262388
2016-09-08,27.4,27.42,27.369,26.799999,47400,26.242805
2016-09-09,27.328,27.369,27.318,26.77,53100,26.21343
2016-09-12,27.359,27.359,27.257,26.709999,51900,26.154675
2016-09-13,27.267,27.308,27.175,26.65,24600,26.095922
2016-09-14,27.134,27.4,27.134,26.690001,89800,26.135094
2016-09-15,27.148,27.189,27.087,26.59,36000,26.082741
2016-09-16,27.066,27.168,27.046,26.620001,36300,26.112165
2016-09-19,27.128,27.189,27.107,26.59,56400,26.082741
2016-09-20,27.138,27.189,27.066,26.549999,72200,26.043505
2016-09-21,27.097,27.158,27.097,26.6,10900,26.092548
2016-09-22,27.138,27.229,27.097,26.610001,28800,26.10236
2016-09-23,27.128,27.178,27.107,26.59,233500,26.082741
2016-09-26,27.117,27.178,27.107,26.620001,36500,26.112165
2016-09-27,27.138,27.168,27.097,26.610001,24300,26.10236
2016-09-28,27.117,27.178,27.117,26.639999,20400,26.131786
2016-09-29,27.158,27.178,27.097,26.610001,16900,26.10236
2016-09-30,27.148,27.158,27.087,26.59,66200,26.082741
2016-10-03,27.138,27.138,27.077,26.57,34400,26.063118
2016-10-04,27.107,27.128,27.056,26.540001,32400,26.033693
2016-10-05,27.056,27.066,26.975,26.469999,123400,25.965029
2016-10-06,26.913,27.046,26.771,26.34,572500,25.837509
2016-10-07,26.72,26.964,26.72,26.33,53300,25.827703
2016-10-10,26.852,26.893,26.801,26.35,29200,25.847317
2016-10-11,26.791,26.893,26.791,26.309999,72900,25.808083
2016-10-12,26.73,26.822,26.526,26.27,52500,25.768847
2016-10-13,26.74,26.791,26.71,26.26,94500,25.759035
2016-10-14,26.652,26.682,26.58,26.120001,55600,25.6675
2016-10-17,26.611,26.652,26.56,26.190001,86800,25.736288
2016-10-18,26.631,26.662,26.509,26.129999,107900,25.677326
2016-10-19,26.621,26.652,26.53,26.17,46900,25.716635
2016-10-20,26.672,26.682,26.54,26.209999,44300,25.755936
2016-10-21,26.692,26.713,26.58,26.25,26400,25.795244
2016-10-24,26.591,26.713,26.591,26.190001,32100,25.736288
2016-10-25,26.652,26.733,26.642,26.26,16500,25.805073
2016-10-26,26.703,26.723,26.652,26.219999,19900,25.765766
2016-10-27,26.642,26.692,26.519,26.139999,47900,25.687153
2016-10-28,26.58,26.642,26.53,26.1,55600,25.647846
2016-10-31,26.652,26.682,26.56,26.219999,22900,25.765766
2016-11-01,26.662,26.692,26.57,26.120001,29400,25.6675
2016-11-02,26.642,26.692,26.591,26.17,24400,25.716635
2016-11-03,26.662,26.692,26.611,26.15,51200,25.696976
2016-11-04,26.672,26.713,26.611,26.24,19500,25.785421
2016-11-07,26.631,26.692,26.58,26.23,29700,25.775595
2016-11-08,26.631,26.703,26.58,26.129999,28300,25.677326
2016-11-09,26.54,26.621,26.387,25.99,86600,25.539751
2016-11-10,26.458,26.458,26.133,25.82,577400,25.372696
2016-11-11,26.112,26.326,26.102,25.66,146600,25.215467
2016-11-14,26.173,26.173,25.766,25.51,668300,25.068068
2016-11-15,25.886,25.886,25.52,25.299999,134500,24.912975
2016-11-16,25.693,25.693,25.449,25.209999,213400,24.82435
2016-11-17,25.49,25.632,25.459,25.139999,146300,24.755423
2016-11-18,25.632,25.693,25.48,25.129999,230800,24.745575
2016-11-21,25.683,25.683,25.591,25.24,216000,24.853893
2016-11-22,25.642,25.652,25.419,25.120001,37100,24.735729
2016-11-23,25.581,25.663,25.378,25.1,94400,24.716038
2016-11-25,25.459,25.51,25.399,25.1,41300,24.716038
2016-11-28,25.581,25.622,25.429,25.139999,21400,24.755423
2016-11-29,25.581,25.612,25.47,25.09,101700,24.706188
2016-11-30,25.439,25.48,25.287,25.02,75500,24.637259
2016-12-01,25.429,25.429,25.287,24.940001,48300,24.558481
2016-12-02,25.277,25.378,25.236,24.9,78500,24.519096
2016-12-05,25.307,25.327,25.185,24.860001,83400,24.479706
2016-12-06,25.388,25.591,25.287,25.059999,198300,24.676645
2016-12-07,25.51,25.744,25.51,25.32,50400,24.932671
2016-12-08,25.724,25.764,25.652,25.26,134100,24.873587
2016-12-09,25.825,25.825,25.602,25.33,106900,24.942518
2016-12-12,25.652,25.724,25.5,25.190001,362400,24.804661
2016-12-13,25.429,25.703,25.348,25.200001,125100,24.814505
2016-12-14,25.734,25.734,25.409,25.09,183400,24.706188
2016-12-15,25.25,25.473,25.159,24.870001,370600,24.545074
2016-12-16,25.483,25.483,25.159,25,783200,24.673372
2016-12-19,25.209,25.544,25.209,25.18,276200,24.851021
2016-12-20,25.422,25.534,25.422,25.139999,120200,24.811544
2016-12-21,25.473,25.574,25.422,25.1,181900,24.772066
2016-12-22,25.371,25.574,25.371,25.17,131200,24.841154
2016-12-23,25.412,25.665,25.412,25.139999,110800,24.811544
2016-12-27,25.392,25.706,25.392,25.24,188800,24.91024
2016-12-28,25.554,25.675,25.513,25.34,111500,25.008932
2016-12-29,25.584,25.716,25.584,25.33,113500,24.999065
2016-12-30,25.645,25.757,25.564,25.33,33200,24.999065
2017-01-03,25.635,25.777,25.605,25.389999,116800,25.058275
2017-01-04,25.675,25.777,25.675,25.379999,90000,25.048409
2017-01-05,25.736,25.827,25.716,25.450001,45800,25.117493
2017-01-06,25.746,25.838,25.746,25.48,29600,25.1471
2017-01-09,25.838,25.939,25.797,25.5,103200,25.16684
2017-01-10,25.807,25.949,25.777,25.49,41600,25.156973
2017-01-11,25.929,25.99,25.817,25.57,35500,25.235928
2017-01-12,26.02,26.02,25.878,25.629999,40100,25.295141
2017-01-13,25.842,25.892,25.812,25.559999,25100,25.281183
2017-01-17,25.973,25.994,25.771,25.639999,58100,25.360312
2017-01-18,25.761,25.963,25.741,25.6,39500,25.320753
2017-01-19,25.741,25.781,25.69,25.450001,38100,25.172386
2017-01-20,25.68,25.721,25.549,25.32,61900,25.043804
2017-01-23,25.518,25.731,25.508,25.41,78500,25.132824
2017-01-24,25.65,25.731,25.478,25.290001,225300,25.014132
2017-01-25,25.619,25.67,25.417,25.34,136400,25.063585
2017-01-26,25.609,25.65,25.478,25.209999,80600,24.935001
2017-01-27,25.518,25.71,25.488,25.219999,64700,24.944897
2017-01-30,25.731,25.741,25.498,25.219999,125100,24.944897
2017-01-31,25.539,25.66,25.498,25.290001,107200,25.014132
2017-02-01,25.528,25.7,25.498,25.290001,697600,25.014132
2017-02-02,25.599,25.64,25.478,25.23,109200,24.954786
2017-02-03,25.63,25.65,25.508,25.23,36000,24.954786
2017-02-06,25.63,25.65,25.528,25.360001,59200,25.083368
2017-02-07,25.579,25.68,25.518,25.299999,177100,25.024021
2017-02-08,25.599,25.66,25.569,25.360001,35800,25.083368
2017-02-09,25.609,25.68,25.589,25.309999,26200,25.033911
2017-02-10,25.65,25.68,25.528,25.309999,68900,25.033911
2017-02-13,25.559,25.68,25.539,25.299999,54200,25.024021
2017-02-14,25.569,25.599,25.508,25.23,37800,24.954786
2017-02-15,25.46,25.5,25.218,25.17,101900,24.952805
2017-02-16,25.359,25.47,25.339,25.17,55100,24.952805
2017-02-17,25.44,25.55,25.389,25.280001,37000,25.061853
2017-02-21,25.44,25.55,25.429,25.23,320000,25.012283
2017-02-22,25.46,25.54,25.45,25.25,52900,25.032114
2017-02-23,25.49,25.54,25.46,25.309999,52100,25.091593
2017-02-24,25.55,25.631,25.5,25.360001,28100,25.141163
2017-02-27,25.591,25.651,25.561,25.35,53600,25.131248
2017-02-28,25.581,25.702,25.581,25.379999,17200,25.160988
2017-03-01,25.571,25.581,25.5,25.309999,41600,25.091593
2017-03-02,25.55,25.581,25.47,25.26,27900,25.042027
2017-03-03,25.49,25.51,25.379,25.200001,58200,24.982546
2017-03-06,25.44,25.47,25.379,25.16,76300,24.942888
2017-03-07,25.45,25.46,25.379,25.18,72400,24.962717
2017-03-08,25.369,25.379,25.329,25.139999,52000,24.923061
2017-03-09,25.369,25.389,25.318,25.120001,55400,24.903236
2017-03-10,25.359,25.47,25.339,25.15,26200,24.932978
2017-03-13,25.399,25.409,25.318,25.110001,22200,24.893322
2017-03-14,25.349,25.409,25.349,25.18,34000,24.962717
2017-03-15,25.263,25.394,25.243,25.120001,19900,24.957748
2017-03-16,25.293,25.414,25.283,25.200001,48600,25.037233
2017-03-17,25.344,25.374,25.263,25.190001,59300,25.027296
2017-03-20,25.354,25.464,25.354,25.23,25400,25.067036
2017-03-21,25.364,25.444,25.364,25.26,48500,25.096844
2017-03-22,25.464,25.495,25.364,25.32,65700,25.156456
2017-03-23,25.424,25.545,25.384,25.309999,26700,25.146521
2017-03-24,25.515,25.535,25.404,25.299999,43100,25.136583
2017-03-27,25.495,25.555,25.475,25.34,21400,25.176327
2017-03-28,25.525,25.575,25.515,25.41,48600,25.245876
2017-03-29,25.585,25.595,25.535,25.43,34000,25.265747
2017-03-30,25.535,25.626,25.535,25.41,57000,25.245876
2017-03-31,25.505,25.595,25.485,25.35,74100,25.186262
2017-04-03,25.595,25.595,25.464,25.42,54800,25.255812
2017-04-04,25.555,25.605,25.475,25.41,55000,25.245876
2017-04-05,25.595,25.646,25.485,25.42,47800,25.255812
2017-04-06,25.575,25.656,25.495,25.42,57800,25.255812
2017-04-07,25.646,25.746,25.595,25.549999,44700,25.384972
2017-04-10,25.726,25.736,25.626,25.5,16100,25.335295
2017-04-11,25.656,25.827,25.636,25.52,111200,25.355165
2017-04-12,25.676,25.837,25.676,25.639999,102500,25.47439
2017-04-13,25.77,25.77,25.71,25.65,13200,25.540108
2017-04-17,25.7,25.76,25.7,25.610001,26600,25.500278
2017-04-18,25.78,25.861,25.72,25.75,62600,25.639679
2017-04-19,25.78,25.931,25.77,25.68,45300,25.569979
2017-04-20,25.78,25.811,25.77,25.66,35900,25.550064
2017-04-21,25.79,25.821,25.74,25.66,29000,25.550064
2017-04-24,25.72,25.73,25.67,25.610001,62500,25.500278
2017-04-25,25.73,25.73,25.61,25.5,96400,25.390749
2017-04-26,25.65,25.7,25.56,25.530001,23800,25.420622
2017-04-27,25.64,25.66,25.58,25.469999,36400,25.360878
2017-04-28,25.63,25.68,25.57,25.549999,39100,25.440535
2017-05-01,25.65,25.66,25.57,25.459999,39900,25.35092
2017-05-02,25.57,25.66,25.56,25.5,44200,25.390749
2017-05-03,25.62,25.71,25.59,25.559999,93000,25.450493
2017-05-04,25.64,25.71,25.61,25.58,40800,25.470407
2017-05-05,25.6,25.72,25.6,25.559999,24500,25.450493
2017-05-08,25.66,25.69,25.61,25.58,22500,25.470407
2017-05-09,25.65,25.68,25.62,25.57,58800,25.460449
2017-05-10,25.66,25.76,25.6,25.58,51600,25.470407
2017-05-11,25.73,25.79,25.63,25.6,21900,25.490322
2017-05-12,25.74,25.79,25.7,25.65,33700,25.540108
2017-05-15,25.644,25.754,25.594,25.66,29200,25.605968
2017-05-16,25.564,25.744,25.564,25.68,24900,25.625927
2017-05-17,25.694,25.804,25.694,25.75,78700,25.69578
2017-05-18,25.804,25.854,25.804,25.790001,30700,25.735697
2017-05-19,25.794,25.874,25.754,25.799999,29000,25.745674
2017-05-22,25.774,25.874,25.744,25.75,45900,25.69578
2017-05-23,25.854,25.955,25.784,25.889999,32700,25.835484
2017-05-24,25.864,25.915,25.854,25.85,21100,25.795568
2017-05-25,25.905,26.015,25.844,25.799999,34100,25.745674
2017-05-26,25.945,26.045,25.895,25.879999,20000,25.825504
2017-05-30,26.025,26.045,25.905,25.92,34800,25.865421
2017-05-31,25.995,26.055,25.995,25.959999,52800,25.905336
2017-06-01,26.015,26.055,25.985,25.969999,34400,25.915316
2017-06-02,26.065,26.225,26.045,26.15,21900,26.094936
2017-06-05,26.185,26.225,26.065,26.030001,45500,25.975191
2017-06-06,26.205,26.295,26.125,26.129999,45100,26.074978
2017-06-07,26.215,26.235,26.115,26.139999,32000,26.084957
2017-06-08,26.175,26.225,26.105,26.049999,24200,25.995148
2017-06-09,26.095,26.205,26.065,26.059999,62600,26.005127
2017-06-12,26.095,26.185,26.065,26.02,56200,25.965212
2017-06-13,26.105,26.155,26.065,26.09,38000,26.035063
2017-06-14,26.155,26.235,26.075,26.120001,25400,26.065001
2017-06-15,26.02,26.13,26.01,26.049999,49500,26.049999
2017-06-16,26.05,26.1,26.03,26.040001,21800,26.040001
2017-06-19,26.11,26.11,26,26.030001,22600,26.030001
2017-06-20,26.11,26.13,25.99,26.01,18500,26.01
2017-06-21,26.02,26.07,26.02,26.049999,20900,26.049999
2017-06-22,26.1,26.11,26.04,26.07,18000,26.07
2017-06-23,26.08,26.19,26.01,26.110001,14600,26.110001
2017-06-26,26.13,26.2,26.1,26.129999,45500,26.129999
2017-06-27,26.04,26.12,26.03,26.030001,49100,26.030001
2017-06-28,26.02,26.1,26.02,26.049999,32500,26.049999
2017-06-29,25.98,25.98,25.89,25.9,32600,25.9
2017-06-30,NA,NA,NA,NA,NA,NA
2017-07-03,25.98,26,25.89,25.950001,33700,25.950001
2017-07-07,25.92,25.94,25.79,25.92,34207,25.92
